0.40447279347310516 -1.319911129821847
-20.115111217538225 142.95659625603238
-20.331454626991366 142.59652001688607
-20.321610327922535 142.50961119386778
-20.234798534912997 142.56604975703178
-19.540305873034445 142.59269682165942
-19.786648318621634 143.00135009573384
-19.752521779483292 143.00650901421616
-19.73705235879435 143.11430553330686
-19.99349971600372 143.44501192691447
-20.228972826095763 143.94706726996915
-20.914140475925947 144.2670481175595
-20.580892501651267 145.0451172508479
-20.4546872281429 145.70590054218462
-20.42922963591025 146.40365400180207
-20.920827514522564 146.6186821295065
-21.328565870867656 147.18258557565622
-20.401008277317146 148.4623168237916
-20.088096669298956 149.60125967899074
-19.844292571293447 151.04375949200795
-19.834578309459825 152.40619697493716
-19.24769812422696 153.92581077873382
-19.219318759260535 155.9964813334412
-19.376532121228582 158.204124798406
-19.359415821721928 160.09185480948918
-18.662574956299068 162.24843621378113
-18.722051537855645 165.44512100812466
-18.788384159730242 167.5506296396915
-18.490537985663632 169.1933581499201
-17.883797104562422 171.20657158212322
-17.957019141113072 173.99902227108504
-17.58975912447153 176.12673542954488
-17.823366228035997 178.21325264366996
-17.841779786169578 180.67427838511577
-17.940657744737354 182.49267998877997
-17.80595027533571 184.49045555904047
-18.056654867364472 186.5619469065329
-18.063063985198898 188.25315565949998
-17.939955748302765 189.92995335563765
-18.378222346794086 190.9635877561402
-18.217410774346043 192.09271061395907
-18.365862858152138 193.47230601819035
-18.53448232437269 194.77052653708023
-18.682481793760367 195.93063731360354
-18.785819654995773 197.42948641580628
-19.08273082453782 198.28086721915375
-19.758447344959254 199.2381353968273
-20.088413777607624 200.1410445335828
-20.00016247516642 201.12780078943803
-20.187334001139977 202.31552036894163
-20.421189110635186 203.3345341461856
-20.78502969138471 203.9562019422618
-20.93595327125901 204.71290113467586
-21.10580292939742 205.5297179453587
-21.107511277936904 206.02530362868987
-21.22871300598777 206.54467025693074
-21.495946949423114 206.88947597126224
-21.74340332278101 207.41130017647887
-21.64390778327326 208.28046893690404
-21.819327469879248 208.82074048639075
-21.45158305348201 209.83036472410868
-21.52094741160203 210.30218283355688
-21.652002732613425 210.67208591199594
-21.566374597840642 211.83011960421084
-21.77798772588783 212.6637701298503
-22.169964779333828 212.73048301194106
-21.545911680792745 213.3968878551348
-21.483479388588105 213.34479997536909
-21.348097168015343 213.24111227983232
-21.460150298874083 213.19151671263666
-21.233280699886727 213.43650724343036
-21.125940019250873 213.39224952036523
-20.7227514215339 213.2958441080812
-20.535883983538618 213.93593411655954
-19.67554977003509 214.15147469122473
-19.80635225870136 214.69809217544656
-19.47129710969584 215.17411170893587
-18.89568578009532 216.21944364605412
-18.384619354133868 217.0007803788513
-18.209339605539068 218.28677954900104
-17.77048114323766 220.26654434531122
-18.035024247096867 221.55826125520716
-18.232507128545365 222.8705402470357
-17.866671484375445 224.12797584548474
-17.63710759108873 224.88878159168945
-17.393577142857943 224.75403630028973
-16.91605397675012 223.95918513286773
-16.985336008268675 224.25318033121184
-16.51303551538352 223.35878000954023
-16.083419393509857 221.86273369323627
-15.385118688394703 219.40342796822418
-14.561663281655417 216.57764809322617
-13.868640514230172 213.46561727277685
-13.257949063075447 209.86606427851757
-12.636156541191662 204.06176347314852
-11.186231693427427 197.75905042418395
-10.233049911886974 189.31399877964543
-8.673441342210912 180.93615994754467
-7.148106016207042 170.28615676305802
-5.327216387054871 159.23109079942176
-3.633119061560591 147.46643480969755
-2.0906694580931555 135.7619644196827
-0.5824817468578776 125.68828609767516
0.765259083627035 116.49215047397489
2.075670721351832 107.11268374814017
3.0666717045581517 97.35478952230852
3.984084332304474 86.89568499534961
5.146529125331849 74.50512943177745
5.169254761710324 62.13469272008718
5.526645317607889 50.156792938089445
5.904335981418055 39.70141212388663
6.984695431883331 30.584864558780737
6.960609160398714 23.084864704561436
7.351073465342347 17.96107389633451
7.282768284039988 13.612705549829707
7.139008948958049 11.17998530310199
6.5707995657686 9.971203437553925
5.559041351725295 9.212208695962557
4.7192677860970615 8.514685970790524
4.233528839865143 8.69546573359435
4.246829191717694 8.750757358755228
4.36457341933175 8.870455530969792
4.2321458800679785 9.32318718462716
3.5823817349079703 9.715276026987446
3.6432289532120197 10.292187054392675
3.074148466165386 11.152111505617869
2.6302269287505395 12.420772211756281
2.7852054149716734 13.491438002924886
2.2714450743482053 15.175196269497686
2.2114583045618654 16.92234780277044
1.3185353183617692 18.660964792171708
0.8582761408671807 21.135748782567717
0.3447747818050959 23.507613549744807
0.49624271962787103 26.109760168346114
-0.42128572480505055 28.86588513728797
-1.6870168047339884 32.02184608757826
-2.99120545252699 35.31322206939571
-4.242877630663629 39.97567541191492
-5.951385050503434 44.77888849985257
-7.224090535285046 49.699471827694865
-8.244196746328315 52.97929256079779
-7.041819860560875 54.41300116963292
-8.900371189374747 52.02939440792865
-8.878622706034609 50.123950912026096
-8.839528293684776 50.80739939374817
-9.443917618182018 53.25652926842436
-9.551764628084962 56.01667480061089
-9.000448659583858 58.82595881584726
-9.188728772396217 61.47164926930272
-9.619253121490507 64.3051609711461
-9.745090120576103 66.98014099301479
-9.64821213503997 69.69977463740264
-9.579283431723091 72.53031452614889
-9.83388729046709 74.8875917732981
-9.798078967923054 77.19658528707303
-9.431983845792214 80.4079181088961
-9.531454922142455 82.96569193181398
-9.62779428799436 85.87369945940544
-9.56151123370858 89.29424650035058
-9.820611783116348 93.76887519449046
-9.859974156542918 97.79477354091739
-10.08720622908205 102.46984519341939
-10.788002987649735 107.20734545678243
-11.096109303181455 112.74701080841356
-11.50763174769558 118.02196611549587
-12.095393115834144 122.98011787120849
-12.930115199027865 128.86350948532777
-13.742824514540393 135.02318856660534
-14.549178930965343 141.30753161752898
-14.872848631421054 147.85922447108248
-15.697439190749341 154.14112237701187
-16.217593657951557 160.99134247505276
-17.128705435914227 167.08339701447863
-17.816898678251192 173.59446353642764
-18.557380201712597 180.04301787365216
-19.33141824119577 186.06142926708407
-19.649677777542607 192.2198458078629
-20.46666408239801 198.35663083071748
-20.74196075168362 204.37172800962654
-20.563496273607964 209.71957068513913
-21.157584070463862 215.0399526889992
-21.163841644066093 220.17861913636034
-21.482618335774788 224.3672934368266
-21.3618718861588 228.6773989383836
-21.532939965911837 232.58464832851894
-21.400069640041167 236.24842687360305
-21.054288348543338 239.1608708298788
-20.940007300609583 241.86799241370463
-21.103964237764693 244.3305863451482
-21.07427893241418 246.63701871651
-20.947047379380646 248.25736532262204
-20.97535963927848 250.23831710003938
-20.659272471261325 251.75547625400304
-20.70820939269622 252.91726267378112
-20.805096119349383 253.81370233343523
-20.743878382640702 254.4532413832354
-20.882877999312658 255.16960882383785
-20.544608903259025 255.01611651337586
-20.405809341771224 254.48928316538627
-20.356544869038093 254.08622489883643
-19.414131287985498 252.60079354568262
-18.835744615121712 250.80668794345272
-18.214203682687106 248.1233050867541
-17.449694307486737 244.66279892150214
-16.94776590051767 239.6981656292128
-15.926589072238293 233.4165466658315
-15.302530601359328 223.83167140379263
-14.13472922502736 210.0877170538368
-13.001187715815025 191.01939406572083
-11.060992793095163 166.109713040815
-8.731305061125266 137.99766291523557
-5.285205035479952 111.48696148922214
-2.6373668646919355 88.79272595038525
-1.1106134030230985 70.41439744666083
0.8219708650251918 56.680232175197084
2.402691460356939 45.48970178559366
2.4531702681838756 36.53051569620457
2.8529151034739826 29.255614935903345
3.0642548292921234 22.63092565026967
2.776894824070067 16.836492554148176
3.0489230023751412 12.720346464527493
2.9191175821932553 9.697024198288046
3.418020851064433 8.086699852891448
3.452216251566753 7.401288854062076
3.6007992492653766 7.515065849502675
3.481112753855354 7.938947274517769
3.163028307792109 8.521685932055037
3.3947903651164513 9.34991021164241
3.1080485726610907 10.458054278004942
2.89978765552685 11.860777685043647
3.182715846465294 13.57134050961406
3.110951968998572 15.23009935149472
2.596010085674452 16.73401717158838
2.887885606863783 18.348791960163787
2.394412846600889 20.181477581356795
1.8332737485517452 23.175230780856626
0.9888234033289476 27.199056355048878
0.2834710831344428 31.83099369064941
-0.7776477947648104 35.79233302713764
-0.7178767782407789 39.24308734777207
-1.2057992959775925 41.01422330079901
-2.8683130757292097 42.447930707066156
-3.999266472771199 45.405682355380534
-4.5953834768655994 49.409052135162185
-5.765518989988411 54.62312741206307
-6.524782510072936 61.550829373167026
-7.3742331067303315 69.44772462197206
-8.274863332263994 77.8487751396343
-9.502780934149039 86.27135115881791
-10.751954604075843 94.44923880080829
-11.705154741787661 101.66221419470655
-12.467746893334008 108.87527961197443
-13.459998502384176 114.25484460853981
-14.299886471407753 118.75671088925785
-14.744726692851069 122.79561305531506
-15.502301434355266 128.8998651773835
-16.05388890920948 133.50426165238318
-16.40941832708319 138.81209265550189
-16.772389450361455 144.4741391110228
-17.00388450122712 148.81328233689183
-17.464731737351638 153.7451686719048
-18.050593674495506 157.88835437939832
-18.457082610016613 162.20697826707863
-18.76008585954886 166.38152941428066
-19.1093328983675 171.4164518493185
-19.31158469839083 176.45570122396427
-19.536747524166923 181.3051653112144
-19.954362476206153 186.18335283146573
-19.900597973915385 191.57681464787328
-20.540931942497487 198.1204144948375
-21.238041053209805 203.77624917765272
-21.066829994004255 209.588723038316
-21.396594751658593 216.033331600822
-21.55344304418272 221.8200129444472
-21.864416121011942 227.66371961676674
-22.379636274714 233.3606639236856
-22.473855290672958 238.76723744349695
-22.51825164227943 243.81778323537992
-22.551332128004038 248.00748496079103
-22.284357177466223 251.34556088373012
-21.981946728002622 254.25232504698974
-21.894750820189106 256.2463408185243
-21.566515589603306 257.34253683492994
-21.257704141949784 257.86914244397633
-21.124224978442484 257.51782138534276
-20.906791618741625 256.6189613936164
-20.941657929143744 255.01291194224612
-20.644659356818266 253.49394921262677
-20.41765620667527 250.7379630747544
-20.380871687543856 246.2421016998027
-20.30195899582707 238.45874083506004
-19.94416900117592 227.06730649216237
-19.22871864352762 210.37397820542353
-17.944392287867334 188.86827677320312
-14.835104286643473 164.22101187773677
-12.045722908039767 139.37482909988506
-9.758636321208154 117.65479776700408
-7.382525730225473 99.920826262675
-5.720950228499848 86.11833824580054
-4.051238434891603 74.36464510321355
-3.5285684819591934 64.11559916312467
-3.0891055119000517 55.53676674750817
-2.460368914699025 47.37501401658877
-1.8959462030990133 39.572530518328975
-1.2531463648707442 32.58022491162679
-0.5175968309874803 26.60912739849039
0.08901152724325591 21.86941498727066
0.4569209415433201 18.12375491171119
0.8356504695743371 16.019160104696137
0.5191731532277044 15.426212565349891
0.49099646440437933 16.188942188399245
0.1498596066310857 17.767016404909022
-0.07522069825211816 20.13402311219037
-0.7200034211078755 23.187935791444463
-1.3313471501470686 26.052219629799445
-1.9936749605534962 29.11622740697602
-2.4005188265531165 32.430698129324014
-3.4306258176950695 35.08886868512794
-4.499378626082784 37.57945464146869
-5.9794605107499725 39.19744765890948
-7.157127361558839 41.1712456731941
-8.291174291013089 43.30365614814538
-9.06124571727054 46.40082913872683
-10.183488641708292 49.60969617820584
-10.947436491738085 51.864990930298916
-10.391081648932918 53.81660201760584
-10.19380044345521 53.116887212380384
-11.033438017361084 51.79509155177209
-11.477783299053108 51.82846945801449
-11.565689943024369 53.82199147360841
-11.416754868886562 56.71540284444512
-11.807289003589311 60.24465486685311
-11.418668660970518 64.40876329441089
-12.256080337939494 68.25118287825708
-11.366511279515187 72.9387389882564
-11.630470684950868 77.06789003849282
-11.853822644542234 81.2208397578628
-11.630307166212848 85.59794385017545
-11.68389774630088 89.5016192079541
-11.528773827457535 94.01127576233489
-12.053347837888175 98.13248717174075
-11.54164348585341 103.68103469458758
-12.16275885454029 109.10917150456223
-12.813792540640145 114.99334885503734
-13.436200289619094 121.93892724682509
-14.184850695625858 129.24901592508297
-14.775326291651727 137.74854913891113
-15.914013639874213 146.26044885879747
-17.351075494383775 155.91962996161507
-18.481984979070578 165.28019476577663
-19.82390399627167 175.106209723185
-20.813603104626154 184.42412049306168
-21.266394250629965 193.13621086784738
-22.733340981824554 201.1618633316841
-24.056009068710562 208.70713220554643
-24.86562322947688 215.66390561314404
-26.12100149787939 222.60508171313813
-25.577668422074378 229.23983467568468
-26.278281110323526 234.9302348596365
-26.366955999979105 240.36347202492462
-26.818265755853417 245.31301998658083
-27.084675682471627 249.9770986808797
-26.256685280273675 254.67515658988657
-26.031554388468887 258.9516215098614
-26.146303442363788 262.99916413187003
-26.259567570458998 266.69063501815685
-25.897816117741 270.35265565608967
-26.079915924735516 273.3742689021878
-26.21908900215674 276.0780508101379
-25.942572058327826 278.3780514709659
-25.763489281671507 280.6342752227836
-25.322076615026443 282.26951453005654
-24.979604977333395 283.29694077906856
-25.04041875468966 283.70081024950537
-24.48728832212741 284.07387362637365
-24.19710389664658 283.7951247582196
-23.877380635144828 283.04458297445296
-23.50979373415518 281.56224838812375
-23.044355323786743 279.5870890919917
-22.553840876932682 277.09046729971817
-22.041266257699398 273.84376920885313
-21.46183322891347 270.5951287282864
-21.19283948376313 266.3738334228235
-20.36774596675057 260.83651249331297
-20.325030777888273 252.61312547326588
-19.598939570947667 240.81346896055305
-18.81967079304078 225.25872261906463
-17.354029206484757 203.86578005413608
-14.640629450748872 178.5014255807816
-11.12198563970655 149.11275012297875
-7.51799863763622 121.61437996208024
-4.506633597526366 98.38838005248884
-2.5659600200387964 79.05131887903777
-1.4068147448334791 64.51506800271093
-0.24125716872947975 53.374851658737704
0.26354383804829334 44.40548598167631
0.2865654465933293 36.01645258707071
0.36855585345483033 28.456852607552264
1.3751708919268568 21.303698386958587
1.4129032683339142 15.280665847004002
2.114449207182081 10.870003837113737
2.4876015113797143 8.056964929997243
3.0314778296456026 6.807860684435318
2.816222465241532 5.600167988351297
2.5924877279374288 6.479525388172612
3.0929086022015295 7.574919004455016
2.408053201428617 8.903215469943651
2.419800761958038 10.731343890033342
2.1264228061352988 12.16333484919002
1.9814888678747038 13.587635676106704
2.5761038609032774 15.482046953623588
2.5698609731065196 17.02508949942871
2.317213003736661 18.47799865675653
1.9258490537340454 19.51799021994265
0.993567570714615 21.97704053539749
0.07378835497386366 24.159597739658658
-1.6500415296789015 25.530840517343194
-2.7840298913139 28.822088052817918
-4.313161203725988 32.9410657426884
-5.762491588566017 36.578132342780286
-7.382730357593123 39.544411107221265
-6.537247612922412 41.35676834324341
-6.976890548236137 43.06308847937821
-8.224099549193953 45.54470938094301
-10.231968526418237 49.471868117100236
-11.660512466404366 54.99195910159963
-10.388254642582696 62.92967501508508
-12.3337878681128 70.47421569015238
-12.396085722387419 78.63956681758623
-13.28803886242474 87.37107113806073
-15.466145043139667 96.17252517665662
-16.17560495627273 106.09402479645226
-17.167832034330587 115.89530888218488
-17.634009734039168 125.15868913769603
-18.759406455534318 133.04593285622607
-19.71418289761652 140.5200493869694
-19.674189774331413 146.7084883690073
-19.78263529554352 151.6244532017147
-21.00599161566586 155.47844333068852
-20.314489225484056 158.55601036169773
-20.649691337698695 161.58082143413947
-21.063324995098938 164.34385752805156
-20.607845805008488 165.83087854096485
-20.455997047843105 166.5202835897743
-20.52379997232844 166.8282760694271
-20.268044547276165 165.27229843398658
-19.34708934917491 163.5605466311652
-18.67641108735382 159.43717353415144
-17.807545513832903 154.91022181700234
-16.67539427028121 149.57757870371603
-15.857259212279358 142.19905865799024
-14.423477760740695 134.09835751692742
-13.234903282405455 125.69093513510008
-11.214904668073128 115.57373798966852
-9.950956129608983 105.08835655415649
-8.697752963141834 94.29251262062832
-6.511391198073403 83.64783609364504
-5.588546610798926 73.77280251143952
-4.017717048482719 63.47333758310039
-2.944475796851449 53.695579753209046
-1.272297452393212 45.30551062839412
-0.5515171869430323 37.18127315327711
0.494839536014542 30.178044256258342
1.1721965106000072 23.873134345361272
1.6684124050868854 17.940489079401694
2.529077955050633 13.133434811227369
2.727748823424383 9.728690968648747
3.0493196461149092 7.8977460041408305
2.9976821501463746 6.731861229118918
3.704498286162734 6.396801522842806
3.651587754260828 6.142496335695655
3.2831751774011377 6.2479733604675385
2.821814371079189 6.831047878111035
2.457276546440899 7.092077167343792
2.642379984565123 6.9181975972370395
2.3864033584407816 6.931591863732581
3.0327074523594915 7.078412208426856
2.146280297682694 6.806382202034307
1.505325596838565 6.565555184103185
1.4976769624955313 6.599409965139179
1.260820142567732 6.987707049780765
1.4103993866203808 7.4091950230534644
2.2765875430555145 7.715405360120257
1.2727713386892552 8.406995713348426
2.7722059035176927 9.233445584252218
1.6650164613710385 10.192363548425389
1.5211491380295497 10.887824304927918
1.5612216873300897 11.724209006479663
1.9077438169879355 12.944310402455953
2.5162262974316367 14.059776768417013
0.4127399553119578 15.340860577566836
2.4358737181367953 16.600424976750922
2.199344720402739 17.8933505414165
2.015156134184283 19.520971249148026
1.93319641641896 21.198114485185044
1.7012370015523064 22.748139007291854
1.4923970834774016 24.465874466274176
1.14978182549104 26.09990336512176
0.8883637691848351 27.662950937862952
0.8163523930455645 29.979267568141903
0.5109533466347373 31.589622789363226
0.17433115813858396 33.33993403892262
0.04563953444331037 33.900386078307115
0.22072566614287165 37.19221359179408
0.002635885028643592 38.582464283881315
-0.6692443005887008 39.91258989021946
-0.2679698964459315 41.21590501312795
-0.38095070762710326 42.278429389620506
-0.4470526563447379 42.77972885761411
-0.2745693515653256 43.58026464349797
0.36736290118807563 44.67268278658837
-1.6541594825960897 44.69256406873504
-0.957923533515143 44.91638971699494
-0.9759617084969194 45.64745847641151
-0.641077720244262 46.3214231470613
-0.6252135424760092 46.78074186332518
-0.570114238466475 46.99734465625509
-1.131085943444948 47.068354846345095
-0.7507582464092539 46.31935628004308
-0.00800409230319199 45.230872645900824
1.4066514185219996 43.911208714683966
2.495236569889598 42.92508143895278
3.078874003179246 42.133141741089574
4.780665907042321 41.80952824538123
5.036989982345912 40.71532433085953
5.974998313457198 41.28933970133234
7.342941373902527 42.44066967321264
8.194741080955618 41.632042149238245
9.743963145237814 41.767334942538646
8.724240929030021 41.55642721476606
9.492868945940241 41.74962094829818
10.228284146809358 42.136102165803045
10.607973477043055 41.74395369393949
9.820230271298799 41.1048344921797
10.957908541581274 40.32893683858047
11.910279798480008 39.24555398217992
13.816179341545315 38.19801771819327
15.284506297519117 37.25615903976907
17.35552959358682 35.919446047519656
19.39509764486281 34.58957989533713
25.53432029995354 34.74356939849785
33.48390080003856 35.28115242622101
40.5338915034486 35.43726408942819
47.10634086170819 36.147002725550884
50.20792992489201 35.95256719998349
52.45714385577501 35.53283145970541
62.06790958643251 37.005170343220385
78.17343001379481 39.54181453729057
106.05381405438906 44.94580757216093
135.62979510471462 50.19590377872148
166.81957808140214 56.822718164552015
189.2156290078787 60.13819740609201
210.60236463564348 64.0749431844216
219.79607103709031 66.28323132460855
228.8258336371295 68.51698924164843
232.07872891508018 69.50681156273606
235.54953512467722 70.70597311071519
236.13853272084714 70.5359487743206
236.48877518314816 70.31499765664279
238.6602779899895 70.4132187672934
238.9707814429992 70.70436213151963
239.48022546202776 72.15784810582007
239.34889319332996 74.57203379430624
239.2571460530041 72.14239880233288
239.47108002962568 73.30686822021237
239.24600420837834 73.03017603627319
239.50455388358816 73.31090972454608
240.05974871811222 73.9055842923073
240.08287331570955 74.79811822398425
239.49093000870974 76.65556450688523
238.42447798439292 77.77981183031731
237.54921440775746 80.06077627935497
236.25678487057553 81.77924535207974
236.85772669737972 83.39833986526837
235.81256721957473 85.71167262493753
235.4946372743701 87.23831779000973
234.15253607346185 88.80904729663973
231.3686084502492 90.35341242855709
230.32426768861555 92.049194788344
232.4225137213429 93.82708715130698
230.9927181188049 95.00961130231791
231.4790118378616 96.50360351521107
230.09304716898734 97.60836985696119
229.00291058128172 98.33064295958607
227.76444026359164 98.76459556386588
226.9721559724553 99.10147083310247
226.75884352918965 99.85035965645886
225.90293177072283 100.36058178654166
225.65371203301336 101.04825295076009
226.68113670221382 102.29255104747406
226.52110795072184 103.13515936514368
225.06049993724574 104.23341871727354
224.84767445935108 106.25132520342717
223.9318648783797 108.96286691565723
221.79495864542622 111.73430892877005
220.90728732726078 115.15863176337194
220.43182709975653 119.46087734013659
218.10079119429506 124.23113791073231
218.70647343227895 130.0854652450934
217.7095654810322 137.05109842817114
214.7282968683558 144.02112219435529
213.9531602454136 150.85018721468447
214.22629866560922 159.42812922535967
212.6151246925021 168.40981051105322
211.48911414698964 178.62103193073509
209.08353064418657 188.7640989144908
209.23161801770505 201.10079452189797
206.4195429172713 211.05400034467746
206.73626332165273 221.86921988818023
206.62537626702607 231.80752541363358
205.24073616381511 242.1065581978562
202.75366761963994 250.70213331847597
204.17660735836597 259.30226956279915
201.92212238846105 267.67726648231394
201.49792298915727 275.3064846092185
201.56610131033574 282.6500147576541
201.6276690804452 289.15664076351584
202.5867929793455 294.65686403884274
202.4754172210676 300.9404777415531
202.47951323381847 305.94373259969313
202.38704657427616 311.14700411959495
202.36168032023375 315.37121412345226
202.84654198883243 319.8256664115572
202.09997909784693 323.47872414893214
202.18699064792045 326.578738659677
202.71069584089747 329.4618643871316
202.39119081958117 331.63068677256405
202.0721297677562 333.4462432040964
202.18290658124934 334.8788423154609
201.25584664175128 335.5096518116835
201.14105893819521 335.6718250723586
201.20201808591457 334.84821616823757
201.33805685508264 332.78498237400663
201.7064016449515 329.05370737863836
202.23658054922927 323.47621353881254
202.8867795358144 315.1889978128947
204.28854212543524 302.6422079632354
206.03675161995756 284.285828829341
208.25927905960106 259.7043406086987
211.69724627924725 226.2608411896784
215.4008974305337 188.8594148335202
219.05978722697316 154.0615807202308
221.49734550148628 126.19262440486193
223.87291678512682 105.62930777767083
225.40147776918988 90.37209653883033
226.77094407673064 79.02018847156208
227.09568699145152 70.09059071861961
227.66755143821675 63.05969213780555
227.37116453623867 58.4709624700721
226.69972175082935 55.32482052756683
225.79716828919962 53.20818293599749
225.47664482623517 51.71966225880263
225.14859194920626 51.88639417168091
225.07740562916376 52.187229067688804
224.78219239811799 52.62544754336875
224.382506120643 53.38528790950876
224.10290625985488 54.31939710271686
224.0323575597644 54.90819709280317
223.85373310696374 55.94898565481212
223.85643700357153 56.58814439322995
223.6751500724493 56.95525858054389
223.26108877417062 57.3837231837511
223.52450175161837 57.598049603369
223.3431560912048 57.58184848316419
223.34745031066802 57.34884529141804
222.59773172768794 57.1795369807431
222.51967542532995 57.06408801305984
221.96891645587357 56.860855679970896
220.71205940873332 57.88660376456617
219.4796904069504 59.78883242063937
217.9774263730292 61.5632615358183
219.89092600320762 63.626442437928
219.10920951776095 65.68766318780526
218.01455432566888 67.49674657812508
217.45453645326276 69.45869198562997
217.22710572924743 70.49708780892007
217.1890103672165 71.5115695741244
217.14108669500445 72.1302240579381
216.9506667145447 72.67125967735241
217.58491762963104 73.11633766764973
217.5716668307173 72.95818567621767
218.2811907531668 72.63396736696164
218.93262460344576 72.38480004221377
219.43931853004287 72.81756395671249
219.92386193092503 73.40838432610539
220.15204088254262 74.82811539495619
220.10171501182495 76.54741775636963
220.2993878608756 78.43812234180689
220.538532344186 80.77164665181766
220.78381298340895 83.145331802827
220.88971278920155 85.36623472934642
220.86782930596908 87.1051753076155
221.0665351795692 88.51131121473969
221.09409912260503 89.37986176562728
221.02845054825343 89.7577538667644
220.9879938032484 90.43982224091097
220.7379380041241 90.71432154209508
220.67933922864918 90.88655646551707
220.5382894155105 91.05484191451653
220.272712290604 91.28046217113551
220.18674511792747 91.38781766238172
220.30281855395373 91.4605330818072
220.4077487042661 91.44233146941123
220.66010342673707 91.4225398049735
220.8773830566296 91.3597846792737
221.09865933050253 91.1509841786832
221.16120074668586 90.67010048063774
221.34643554488665 90.22006564116766
221.3283878588851 89.55913997563171
221.6629907745377 89.25275535462222
221.99911192592407 88.91399553450366
222.0393924715251 88.59335044765118
222.2858768804531 88.3026653444678
222.05816703108644 88.05845718167008
222.3806537712331 87.85977652338258
222.51018230993054 87.5630222540383
222.76546537301365 87.1684211115647
222.85233601524195 87.0935769769785
222.89219177102763 87.16143605433884
223.04012215478548 86.76055812105649
223.08851493335655 86.61928736970303
223.07407437554056 86.65428349974536
222.9390025103738 86.94073295829006
223.30212081481378 87.37987552177341
223.45905275233005 87.97349345540741
223.50901360416628 89.34023526691729
223.415269210357 90.83705942128518
223.06915930986148 92.57813979215634
223.02451961652366 94.53502556003006
222.79131202972405 96.95170087348608
222.67218659005076 100.17559718569798
222.45197426112554 104.13216005733183
221.9064415367396 109.02732122077703
221.34766987255156 114.92717535009811
220.7884662849442 121.68673291467822
220.0766059537496 129.53630014741577
219.07703145601602 139.3838705086847
217.84117672246083 150.34165288811477
216.5822270055195 162.94002448488467
215.24640726291554 176.5879709686263
213.57341198419408 192.18812825552578
212.28403325087788 207.92362839720062
210.8027996742912 223.68331475723477
209.34256157705352 238.84603418069165
208.27303212823514 251.98303132071717
207.09400004352594 264.7909282812809
205.8362152500726 276.25637976742235
204.61623233042792 286.2866695875468
204.2824007949556 295.14729364664197
203.77780644029212 302.5983022656224
203.24559463404003 309.0336186485645
203.34746212300837 314.3279604032211
202.9694782630659 319.07166326479523
202.85300047621533 322.79208547080503
202.82557817432095 325.7251014901543
202.79542918181042 327.93487910257284
202.93152449716482 329.509307294282
203.00522810811395 330.42490076020914
203.1252863601384 330.6240919762513
203.2246710924672 330.6224877872505
203.38511740959083 329.3799996251477
203.6918120509642 328.21821967654284
204.16995406465136 326.50880704641753
204.66716349275129 323.98093652709736
205.00468607107027 320.6376860071585
205.42885538428956 315.46310102006737
205.9756137066953 307.9363305156302
207.1338814944419 297.17600258741606
208.4972663007721 281.6611333227904
209.96406168571858 260.5855010265558
211.97921186087376 232.66617421512552
214.86183140811852 201.51184305594123
218.0936113259966 170.60033296848295
220.8156166836553 144.46002367839202
222.71913179217367 124.64850338979075
223.99564557154255 110.27916584676345
225.0720593089736 99.67232829533278
226.0365581080482 91.14426953271531
225.75830515155218 84.70800931870261
225.02250206052105 78.320423885908
224.51736096556618 72.95584256313494
224.400923799844 68.21578866772968
224.36313809183036 63.566928681552504
224.63380328054038 60.01142500637437
224.91382208120785 56.99780714667533
224.6655025274805 55.02536074737337
224.92863770976612 53.91224235414937
224.5134455380194 53.49209072143371
224.35328884535087 53.34752033703537
224.6436293947312 53.982074238949906
224.18950165698908 54.44658370251154
224.1360072697456 55.03564213857106
223.659588444339 55.66137408125231
223.46663656238852 55.83865443520103
223.18706844019522 56.09171301170275
223.32447807257685 56.44290025486743
222.49894117292698 56.82613000210349
221.10275116485678 58.687082754060455
219.5521928886433 61.089617735994494
219.0180271225139 63.22995997167974
219.7741500962624 65.1934460854495
219.64709704248796 66.46762939916019
218.8339347246578 67.54912378471138
218.56042904643658 70.42527618509918
218.83857595286938 73.68662119030176
217.93485019262667 77.11252454013353
217.34974883514872 81.0227610768629
216.6372895035652 84.84546245797927
216.396995170025 88.31625304541647
216.5636079045471 91.47501369796147
216.45811694414726 94.13588208091612
216.9349238750617 97.17409950079792
217.20001990102355 100.22915086782291
217.52493375950112 103.70094107123671
217.28679753456885 107.33919208259489
217.29888868981732 111.70132018701558
217.344016591192 115.97995252599146
216.84123109084658 120.2494434382609
216.26113927732226 124.69715062661959
216.55716499190868 128.45637851195525
216.058088466566 131.9931293013211
215.69776112041626 135.1101690226774
215.76813474792866 137.53930533337265
215.9068901596023 139.06966069769388
215.89493261738363 140.08613823780547
216.42421566258238 140.70966323352363
215.99156150541785 141.11547505921376
215.66441441096683 142.04468912621658
215.90200587112503 142.45689243074716
215.6128421748567 142.55860405029273
215.8065104294675 142.67333066058012
215.93073542991934 142.96032924381646
215.86499723247132 143.23322473838545
216.4989247461856 143.27740816145598
216.60928955818122 143.6156674780092
216.5467447519612 143.72315824537165
216.5230873819201 143.65350189103955
217.15198541066778 144.57577914540246
217.3861689039093 144.49042087239604
217.11196846824598 144.8665194180407
217.01345719287477 144.84541775596801
216.85158960881938 145.29377922904013
216.9639768941021 145.31798124199474
217.6551291054853 145.52982243323964
217.54801364917594 146.1871311595611
217.65906403204926 146.95367836731535
217.6882264105274 148.00050853758924
217.7570865896685 149.25526300292762
217.75897364125714 150.83851469722654
217.89863120900037 152.6223905240943
218.20466526043353 154.9299232843269
218.51226897553738 157.93039619588333
218.49034522420283 162.3672300106816
218.31679773166243 167.72082010373884
218.00261253849968 174.75366921089773
217.5660172450185 183.76606354760065
216.93038843705222 194.57582703411836
215.58718384983405 207.14312810440995
213.97053962858104 220.95755474019512
212.48201488229975 235.16358413383864
210.76103955337211 249.44450471658175
209.55478245751326 263.0530339132462
208.34590712341426 274.9783736437779
207.28655539724608 285.8944163771777
206.41225200098012 294.1684389396903
205.65957583599112 300.71631288285505
205.50831347971268 306.47006443298363
204.8795599745647 311.4156359440497
204.10501532677227 314.79911168230353
203.74116477528625 317.59251565726356
203.11389854998802 319.4440176726392
203.06315535812394 320.54165585934106
203.03720855188936 320.95661715128523
203.2087032325712 321.00701117958346
203.23953077721222 320.5598319387611
203.29543867193675 319.73205868507364
203.4476393586475 318.9508670944941
203.77515636356753 317.5021691394093
203.80529320735263 315.4672235491413
203.99368356297182 312.63595259841344
204.94788715448104 307.9280183761405
205.19849901184153 300.28060177873954
205.94278672634042 288.993761325644
207.02173288615137 272.8029315221789
208.389306648233 251.10858737726954
211.52571451553257 224.76293436271573
215.13589064012336 194.80916843323786
218.1634612162865 165.80606345881728
221.14471219231098 141.80976593509615
223.49927258516135 122.947440453853
225.59988365325512 109.0907881456808
226.56601802180379 98.24420234981355
227.07635803951712 89.71519782381128
226.87177824606465 81.85031838008592
226.39679595467803 74.64317787919326
226.03217418163158 67.52161067065131
226.14291620008981 61.428922791615975
226.46255957584728 55.456078191981824
226.7308172533373 51.09219938557826
226.8650242898584 48.346941946785826
227.13148158094015 46.74198479049377
227.03354904279294 46.181012810781944
227.41329280266544 46.14076779923295
227.4796666158981 47.128267035052865
227.3492804938462 48.11682884501908
227.51752741011774 49.48248813608707
227.46521926606874 50.489858535412424
227.01284987111677 51.94811847713386
226.7903163406535 52.893606007153096
226.3640778534501 53.510099188441664
226.13976078247575 54.207192611375376
225.87666269608846 54.657638554162716
224.9475346195772 55.39900687227576
224.31459502121155 56.951728664030355
222.84786160120655 59.56376988810318
221.50320277905467 62.29918405567126
219.50365277566968 64.09994254617918
220.95868787336448 66.21014416588336
219.69230126719975 67.29674348592634
218.82916744769963 69.22151833737844
218.59962492945212 71.39434938672582
218.19184309178868 73.70168930554792
218.32110128868993 76.22452378895908
217.93843371255414 78.71169692209611
217.6714948255382 81.32930974913712
218.17271563659716 83.57480557969434
217.91092032375101 86.49281596576402
217.8732117863395 89.52208963051645
218.08719684721376 92.78262145803563
218.4028572447673 96.0230435268394
218.13574119864802 99.4253155248461
218.52394075464753 103.2083417743086
218.4368764923333 107.6067677038949
217.69350948520383 112.39014746779655
217.3742124059404 117.1530141164054
216.99807676794236 121.76771436031788
216.1301127630413 126.13966217173973
216.20158644132366 129.28972603344977
216.09738374438982 131.3470507854379
215.72194257708023 132.48074866428507
215.93871361533192 133.00582942927247
215.83478343912176 132.84689340909156
215.9290700273472 131.80792703319986
215.51913210791045 130.53005980976718
215.53922054692126 129.4065816427261
215.9470540654726 127.95666761843103
216.7714353983684 125.97830439052066
217.01193520495195 124.16060042478448
217.2448310869851 122.12885163260097
217.5149843780344 120.2760610948611
218.23767518930921 118.39146356137171
218.9116896416632 116.70041338498773
219.1620918563181 114.90797428474848
219.9289348367457 113.12299948582755
219.96995050088856 111.98244416138023
219.81548059478456 111.4398419061711
220.22100143932335 110.91940970028251
220.45711815583357 110.96244558251325
220.31445037078146 111.3367887371518
220.78316599232647 112.01523101079842
220.6561950577952 113.10982412766677
220.5278143487544 113.66007558396693
220.75486979131267 114.49223937592149
220.99205995130944 114.8601582500079
221.23069903041778 115.29015809551177
221.47611708775875 115.21397656559569
221.51033620207608 114.71926086200212
221.97938339502775 114.42805138530306
222.31529059586362 113.4893013162326
223.05975321416668 112.66387302108136
223.29099182954246 111.73056034899827
223.78313987096095 110.59126004331996
224.50129489128807 108.81067571974205
225.28038245547992 107.64152264751816
225.40918719921396 106.70435506395108
225.90410662319482 106.193631281912
226.34992156519672 105.44917703286879
227.00226145432882 105.26268740619567
227.1825800361553 104.70662103777947
228.21384828434336 104.77856936532812
228.61763250787791 105.33334320941069
229.12303839985879 105.54939957197388
229.43056497238072 105.584557638741
229.35719917429842 105.73400561323837
229.58038747697213 105.1203979173547
230.20254923823398 105.01276759555313
230.4758240675163 104.67467253028862
231.44530931644277 104.74581434423268
232.7142928900863 104.63923187144651
233.13783255568447 104.76000831313989
234.0057131187893 105.33016709004298
235.40727000764917 105.47679978655343
237.23720196142384 105.4717125472886
238.9965876528991 106.25800314539993
240.94175063194933 106.2218508823296
242.8468526052028 106.6024933562675
242.24708399738444 105.79820058301603
244.4423173358931 105.43102983158596
247.64690733438627 104.8014568579964
248.43177445948334 103.52623612999702
250.44892588800465 102.21465671741912
252.84443034666887 101.5686971253946
251.85406132680387 100.24409105370906
253.0087174969951 99.34477651134736
253.4743891052867 98.26759418898085
252.81817808714686 97.09144779439545
249.01920879994503 95.39940742780833
240.38858392604376 92.2126395386652
234.70863886678063 89.50323422524838
227.5372992234053 86.10050210592418
273.488076491131 93.47866588052847
278.45420694124203 93.79181040112583
275.20366903318484 92.19118785924337
277.79362514169276 91.60391779062314
279.1787876149725 91.07615948418675
285.8938136203826 91.312082478295
286.4054641814347 90.57268699251486
285.5029728863102 89.76413440569921
285.6960001534427 88.51491010781979
284.76599340128706 86.99261658423735
283.7543931642866 85.73128307130997
284.1168020648817 85.09258170175558
285.16345583296413 85.33249782784692
285.3136370286633 85.26084035262974
286.2062068539111 83.82299306412826
286.8718437310939 82.85891273428724
287.39701117235813 82.39597057720776
287.97543777105295 81.22469737499158
289.42645118116354 80.14705246334545
289.78895382833775 79.2688886995852
289.4169947058499 78.17003904681658
290.79208447950487 77.41795269779873
291.0504965097421 76.31612763268531
291.2085483600879 75.83570787020267
292.59173091476015 74.83732204481298
292.40844999581105 74.26660135304374
293.601253111333 73.34114895547496
293.6476111728835 72.94857999281965
294.467218562049 72.83191909800894
295.0933273886712 72.42574019669077
294.7707020462689 71.76062669269126
295.1282434371447 71.50763993721483
295.5513548641098 71.42690403029212
296.02906466142167 71.20382379947249
296.42354151789334 71.31188809290931
297.3300949372851 71.77144956248743
297.47956853231443 72.1533155070398
297.83198881642994 72.9266219869354
297.7879451032436 73.56391617503341
297.65807454320077 74.58961938853244
298.0331461192447 75.35160958581069
297.8626539283542 76.86704737057521
297.9897956400267 77.80608819652076
298.30465072443496 79.07105544727422
298.2135254085474 80.37412441835778
298.4167265899086 81.44825025003932
298.7224191138919 81.99438922503975
298.9496137020671 82.7977527097959
298.8066044246855 83.46563445889362
298.92859162151683 84.05532934414418
298.72384121886444 84.35054632030537
299.2269977873205 84.6086773430336
299.4868798414438 85.22456354531757
299.2506405265959 85.86653633608374
298.9416490376798 86.54457764378614
299.1197459514665 87.47515397783063
299.4863902034077 88.16826109204726
299.30071177648136 89.46274605292274
299.3997583518107 91.34895702142532
299.3407782152387 93.43933204240454
299.6273684629803 95.90217403703318
299.70547879598297 99.53086406592948
299.89678389572185 103.63602967947246
299.72195534732526 109.01140667181795
299.3810136342202 116.30099687129369
298.7355051685689 125.22975217738033
297.71268277831894 135.9287721541861
296.39617579877574 147.79815416815677
294.74003705633777 161.81265808392203
293.3104021202531 177.75702619446847
291.50104844896106 194.516183787724
289.35538333571753 211.4882591897341
287.46095954936646 227.5156909758635
285.52584086347844 242.69987349327252
283.9757699921916 256.81542937081383
282.9793244105707 269.1128518566962
281.55111363750206 279.468114058083
280.81605522143536 287.4841404863374
280.17074166701155 294.31425910409666
279.4835362215259 299.4709948640917
279.0488670049205 303.0722867618786
278.770900949435 305.2460362842264
278.6613617487715 306.5749538359688
278.8881554719885 306.3461324597101
279.2399412332425 305.2356777409454
279.3469764151385 303.27514276300644
280.0110962053431 300.3298885669361
280.41866867851473 295.67788321244456
280.93127593467386 289.3899295415349
281.8000287079905 279.3740932131805
283.19685323699713 264.56705435144835
285.24446402790016 243.67163076344696
287.41938803668535 216.76106127290421
290.77095012237714 183.90016593062566
294.7474558499387 150.35560256226225
297.59559516779854 122.66173669876858
299.54535123875263 101.32613939114897
301.0728892645358 85.53998053762986
301.3773825001998 74.37270471168226
301.1549693431484 65.91540577391764
300.7735766899905 59.201878060430154
300.7864163667415 53.67003880757852
300.7414403768462 48.79260989632766
300.9584333289324 44.20093931466347
301.26882757173576 41.534654877879724
301.3608339300745 39.67487757574891
300.88111144033115 39.076878662546505
301.1863093460084 38.94774190415156
301.1489579892356 39.15314542905872
300.43315222036455 39.65950872913862
299.90879245321963 40.42254590686414
299.8284861548282 41.43034505536768
299.4583451058083 42.672169148645
299.5299778027552 43.61049325654113
299.2115553865815 44.5878547166081
299.0981027218245 45.5467471275163
298.4477643533837 46.10822730984605
297.82125032433765 46.960133396531255
297.43997853788466 47.85653322388917
296.730442783768 48.80327129562298
295.58677338945887 49.97008917373654
294.23644791650264 52.54041967107339
293.25757780723643 55.7511450166965
291.2074987667561 57.89280343579657
291.16708420668004 59.428562544805345
292.07289345856236 60.32138735842742
292.1307467699948 61.11371050074852
291.94481684178544 62.46014347124653
291.96476617932825 64.19021225112924
291.9531994378891 66.1793075451899
291.93106092942406 68.36261647260612
292.2301056411543 70.7402194963403
292.34881791106 73.1644878460859
292.2746107932895 75.69848163225761
292.58945391954995 78.54811532403751
292.862773238073 81.60753824210313
292.7975001361468 84.97924141448887
292.93514274346944 89.17043862331276
293.22472529230697 93.23929452023829
293.2258994586349 97.48481985123756
292.4796755148004 101.39874029832188
292.4908278687378 105.43043436621778
292.156846493004 108.9166851288567
291.76857949020024 111.5891764222888
291.79973895632867 113.58857846250132
291.59524747096845 114.80980471291433
291.50491644515876 115.26233996008669
292.05505368067287 115.01721437929163
291.95451244543005 114.98957119936743
291.9199805057003 114.74616317691414
291.63040399189134 114.15007263766637
292.58008348230715 113.53581620859082
292.74593619650574 113.39287627643112
292.4120881235432 113.28388426639678
292.26526788184043 112.65098524909104
292.57504097516573 112.72354780710785
293.14875721306396 112.54764596861641
293.22934850660755 112.50883368131569
293.6673294171716 112.16917547182963
293.5408919674008 112.86405397332688
293.59993017091034 114.11248225667816
293.4208420178469 115.99826121325647
293.4128183768841 118.07545456328815
293.297715011387 120.83359760804825
292.74836162281014 123.66866408479021
292.78016553606693 127.63657804563738
292.26231141806545 132.51550749800637
291.4608995611531 137.43452982894155
291.0046432515753 143.42597616199188
290.57838614098137 149.90048910279793
289.70006746045635 156.64768310299544
288.64726939309764 163.31628674429092
288.02218238242585 170.4268404901761
287.3442626440462 177.16774333905784
286.6917806888461 183.86087275229002
285.73518249222496 190.18171224313673
285.87180178108326 195.9723664846998
285.2097881728681 201.93204998470503
284.74290215811084 206.26158877421784
284.43213316448805 210.48705973450865
284.1222439002797 214.57697644221406
284.0616433741062 219.04609290771523
283.92175136844594 223.73897785814532
283.836095756938 229.29423163277093
283.36598286589503 235.5534342332298
282.68214257426285 241.6073982358367
282.16079773675096 248.22426716045126
281.63125134890976 255.0331618869549
281.3360524588016 261.8967011573416
280.7662889634525 268.4533179148593
280.51941739265567 274.9508952367027
280.22747241194526 281.3213619377863
280.4467198932534 286.4754623082196
280.4626071397019 290.4035993474567
280.64523163142394 292.59919887839754
281.13942505252135 292.94277019029323
281.4070080024483 291.6121736914647
281.8230328776309 288.4295072651452
281.61271128048935 283.1502267752704
281.621773682769 274.8618556678461
281.83601103072806 263.2875822971962
283.0864058161079 246.05381064992918
284.80920769771643 223.41485028429415
287.58733549610486 196.83223976896346
290.5469270499431 169.43501233501078
293.0527583523234 145.1273567685935
294.95388974020034 125.60770694339035
296.47084137073585 110.23502883346708
297.75028203831465 98.36341081925794
297.51930574740396 89.16796855218169
297.01643372817404 81.7151525937128
296.9768276464351 75.47984518006325
296.8955043056876 70.60590848332987
296.9579617550845 66.31265586834049
297.3034058933373 63.09286552304007
297.54279186033443 60.80144183481293
297.5659757332114 59.0473735018315
297.7882060739696 57.65246122722097
297.7504991811945 56.66515678458919
297.58070949989735 55.678501951169594
297.4217877336672 55.17260042751469
297.43689974439786 54.86647210695428
297.3797270592178 54.54121720111957
297.5023895255356 54.34229421800056
297.5158834079232 53.82540004791705
297.8835922017702 53.80610120916916
297.7590425771656 54.18841762868522
297.70320925445515 55.08097252076554
296.87973483798953 56.371068766139196
296.69169852583883 58.08499530803642
295.8628496216168 60.10113097304585
295.0054415119375 62.300593482897206
293.63591469924137 64.89099791899945
294.494744962697 67.84807317677765
294.6153497516817 69.33021918376312
292.93184446192305 69.737460877727
291.7536758946168 70.5422393999085
290.6746953360302 71.38455586817187
289.95783385960624 71.86537994354886
290.7177780305418 72.46861200265249
290.60427875029615 72.61848536648138
291.17292642779165 73.12502659613394
291.0960172548743 73.07109644688605
291.2708167041899 73.58788087639154
292.06094762157227 73.81318504369126
292.6256555359296 74.42607908742569
293.0403493394701 74.84590165972352
293.6875599245341 75.99417117175514
293.5693620789095 77.03502466586619
294.17186139256654 78.85223734265509
293.97565157678645 80.72261357394832
294.65877914748523 82.7560354117324
294.2376040870708 85.27225562445314
294.3146619684628 87.58871098189663
294.62138939299984 89.72815701179354
294.4280458312016 91.1536972821137
295.0152957820891 92.34488730220887
294.6375107522846 92.6938530072289
294.63160154889835 92.91208810239281
295.06889075176514 94.19613810295921
294.99357757093685 95.11734911313789
295.0431395595017 95.97726788124423
295.26943846824645 97.08940226738072
294.79956396140125 97.71409361125073
295.44753781259624 98.7372655170152
295.78100724600495 100.08240948296616
295.61419195242235 101.65970583580963
295.4570097491653 102.53685547718898
295.57777060533664 104.38977005252282
296.0645863869227 106.38870816564449
295.99080414702934 107.78252179401309
296.01800068448387 109.44792439467965
295.5997271704509 110.98260768518882
295.52593269013227 112.51750215123832
295.59663749404143 114.92313057605399
296.16293692967395 117.94810006784815
296.13521763027325 121.23224765350996
295.98328936838357 124.31473701874006
295.81881105857894 128.2258507952594
295.45031672883516 132.69308792318554
295.11267922139245 137.74195396233162
294.4046812534648 142.9164962332792
293.71790435767525 149.10181062943477
293.93959976316296 156.32660111627644
293.32498693105606 163.7789852448852
293.0947870711672 172.61058395108714
292.26044327779084 180.89068897194616
291.4128083618296 190.20275599488022
290.3713122712956 199.3815953312256
289.527903822884 208.95096280501295
288.5731329889943 218.54612406999985
288.27450047672386 228.19692746450588
285.6612021122598 235.4932385038897
286.4575415366567 244.28746281737065
286.0798821947179 251.25810603114732
285.52239301884384 256.2466857341644
284.7715308553874 259.6445866241431
284.54000768327666 262.082404699863
283.8194563471846 262.8617591817892
282.9927554261669 260.5928420038683
282.7213281781668 256.0108208080148
282.6365873497531 247.5995796489344
283.3405309185299 234.58945409024852
284.11207978339115 217.8017320279779
285.9728087818635 199.57670253880735
287.5212138393871 181.0469376585357
289.9468184560219 163.16127531200036
291.5491866716318 147.43280235771377
292.59611405600555 132.95386809467394
293.4828019873785 119.86636626613534
294.1826773124514 108.55137728389221
295.10723100464315 97.99066821030695
296.0851332526243 88.61438433405694
297.3224001210506 80.010448123895
298.160173162969 71.49630649850685
298.9009784518702 63.990186583952614
299.5232198651285 57.42339251791585
299.64465144862095 51.824114279685254
299.34097753976266 46.85516550594378
299.55497641998545 43.308780881836334
299.7628588984279 41.47531658263419
299.54672599247266 40.444670878744844
299.4972963635139 40.29848192803219
299.38298915869086 41.034484607819145
299.4975353800761 42.03597998073647
299.54231858516715 43.302771760719324
299.3324849454626 44.30920371131626
298.9668823817515 45.08053306974789
299.08634141102516 46.327480478446944
298.4089228639274 46.87514438078613
297.51776878192624 47.43513113831949
296.7150789616095 48.7708572578642
295.5619431696542 51.26927732248198
293.8389240768149 53.419177330920164
292.7428606164279 56.00152148446216
293.3069965162732 58.28774010088515
292.3978184914918 59.51136355213769
290.949357142428 61.69157517006399
290.5866448643369 64.63341773173157
290.5959175772285 67.72539003153733
289.8999806823225 71.19797213387115
290.0069681136364 74.94683002750118
289.83333156769265 77.81351392161154
289.7678300199018 80.32664509923532
289.32300380803633 82.70131429941982
289.60877106865973 85.46436617551036
289.72668860372397 88.1026253279817
287.876453947513 90.6759734167659
289.96701603299505 94.8966501348582
289.56793283573603 98.49321223979695
289.0690362750963 102.21054441059576
287.776118426717 106.08815625246297
287.9711714868587 111.42415989829355
287.7563837004355 115.31377251662093
288.33309543302994 119.26949364380064
286.98470899291016 122.43200256065337
286.19137667892045 124.36415761132938
286.38743467203875 124.68470540599068
286.3502086808889 124.12360132024797
286.38407841617567 123.12529542556138
286.2524719156875 121.7732106692792
286.1884405797488 120.996390227181
286.2507195644116 119.02101420845446
286.13594443852037 117.3003000594539
286.17436827534846 115.64504004161694
286.3059988792424 114.1572573134056
