1.8979777078583653 -3.763640245054373
-69.83936252760707 133.06852457420447
-68.89889125213361 131.51031114075548
-69.0186934648446 132.27230586255763
-68.89688701722706 131.7505583318928
-69.0871216054719 131.43947795015498
-69.55355671336288 131.04249770687667
-69.37902455665264 130.67850741495675
-69.2610240498686 130.44984620612942
-69.32716225992023 129.965821478223
-69.56672842635707 129.0927049617912
-69.7683401207423 129.01112674086184
-69.89872038612114 128.87535539611363
-70.17852031900257 129.45048695975308
-70.0071345954276 129.13436003424997
-69.40298263499479 127.96639841952832
-69.36627263514454 127.8181237173285
-69.3273102981135 127.69860176998199
-69.43773533424971 127.9492616189988
-69.71220992157917 128.54176416081427
-69.90875339218556 128.54773354030536
-69.89577411574278 129.3617297470958
-69.66020095496137 128.79861856275107
-69.38930765241064 128.50682138555706
-69.7414109283076 129.11428088310808
-70.04549713765721 129.28587662400426
-70.49414672548659 129.58858698052867
-70.65726073109178 129.9168354912128
-70.42372544171897 129.9419077841513
-70.24869184760891 129.88900193166492
-69.86622083140296 129.1371210036747
-70.06735502435937 129.3568130351049
-70.04333330014424 129.55327431869347
-69.6894960697743 129.49769673275125
-69.34212772241897 129.03870463583357
-68.89351829157845 128.41112128390196
-68.51537410864545 128.08717504801618
-68.11602239326152 128.00274520199972
-67.83948537585925 127.81356293932393
-67.84572817357339 128.08069325122162
-67.40245398891224 127.57111078507613
-67.17157830689382 128.36956842443746
-67.13018972772741 127.85515278490352
-67.09678329824649 127.71033101839248
-66.98616305704967 127.17890834228322
-66.67005295107279 127.54788522815466
-66.3718247832536 127.48399819574722
-66.44644881908793 127.11477271020738
-65.88105631912806 126.86746817023547
-65.40843304094375 126.40276566350391
-65.11623398011383 126.90909502902322
-64.97802781971805 126.93355823379662
-64.57642064012822 126.41504461943352
-64.42608197315462 127.29869725373675
-64.45352525575501 127.80540089864806
-64.29208788654475 128.1175798265142
-64.07680662990758 128.33223384997154
-63.7671300271817 128.98348406020236
-63.28963180813211 129.660596944698
-62.90749731060001 129.96283280291348
-62.418297023793095 129.77403634523478
-62.265522151682084 130.4447974127621
-61.74904367329469 130.33880115450447
-61.42495506270692 130.20881539139666
-60.77212280659462 129.68930187546565
-60.74679279124075 129.55414298053202
-60.76209226993054 130.1045547296134
-60.3464284651804 129.52883767153503
-59.86864172338198 128.14394828050436
-59.15047121577534 127.24617553133774
-58.73382436938796 127.00462733510697
-58.25267370661879 126.63783031607738
-57.88532696153213 126.4675025027024
-57.06809192145451 126.46143143676285
-56.44002293875097 125.7066985948152
-55.9935662143045 125.37856131922995
-55.6950575263322 125.15777460334434
-54.996616568470046 124.78703870861713
-55.00584599561827 124.31860491202318
-55.280271519509256 125.63330094602743
-54.89912159304042 123.64300448267801
-54.83885337943128 123.09074834125464
-54.619941030131756 122.73613499785097
-54.82992420604034 123.31401478151402
-54.95053703550227 124.25435012179531
-55.66909827694936 125.1171351632963
-55.76821656297429 125.89533365147655
-56.556973968605305 126.73586976019733
-57.18272659846508 127.66779179947567
-58.013095235482496 128.17666784251247
-58.779118564412954 128.82677237737323
-59.409195293957154 129.81744346860484
-59.97413815609006 130.70073253613285
-60.856023305860866 131.70577325491942
-61.84812756116565 133.1661867785603
-62.309317593963954 133.75760235819754
-63.389123451523695 134.89263153808707
-64.01129789648975 135.89963934825903
-64.69677366559543 136.60432805008017
-65.81748433925824 137.47166488512696
-66.11934688326114 139.06103525283373
-67.50823279274739 140.82573648247512
-68.31437647580108 141.05579960666162
-69.14594365536777 142.2610478191218
-69.81013534107124 144.0421587594889
-70.28411085797822 145.05686655465084
-69.53351716197176 146.115896674083
-70.8563484258368 145.7754814408144
-70.51707911767537 146.3087868583064
-71.50281985316629 146.48860450313205
-71.23401362376157 145.9776752003311
-71.51878077712796 145.88763975705012
-71.46320174863168 146.15763811577074
-71.4910329874924 144.62605145680766
-71.75420186137546 144.74799834558632
-71.78173820329187 144.2498356607291
-71.55904212119579 144.27994713615612
-70.58651654545766 144.37094754029047
-69.91136144514387 144.50770713910848
-69.81022760021392 144.03589670204073
-69.58985831238685 143.58531312369996
-69.23178379191206 142.83615106049885
-69.2658388884663 142.7141414772994
-69.56280894403466 142.02891076876756
-69.1378329445256 141.0788020033079
-69.61802942196657 140.33470187649462
-69.81584425874298 138.9064910756381
-69.58575530759195 137.57954891525867
-69.54578632411607 135.4138238495418
-69.08686724443584 134.2302658197724
-68.15557313674519 134.05077662855777
-68.38940746637978 131.61601257042415
-67.31315915761297 129.27523385065834
-66.97638038038986 129.2571551991097
-67.44712709367636 128.94629657658405
-66.26126739717313 127.13310857991249
-65.59324306116649 126.09345117224896
-64.66083946743525 125.06488610030392
-64.16002898440092 124.45465526263294
-63.54739790599786 122.96416795244406
-62.94179516455611 124.14063084916918
-61.74128000175553 123.35726422230124
-61.09783564695579 123.49518772296116
-60.98600795770908 123.45023078246093
-60.35754245930041 123.3140629885336
-59.50987185886028 122.88259302550783
-58.290367242352886 123.49287632417963
-57.47688570428404 123.73756069732413
-57.51858119254198 123.41200532411031
-56.312910603740356 123.57582802336005
-55.925606150465775 122.36758029516372
-56.26232340762145 123.51084199155413
-54.40786520878911 123.47793137540258
-54.405926477064085 122.67080079384421
-53.27486997064577 122.7180687179666
-53.48505317036815 122.51988710737925
-53.32228218464475 122.28721054481996
-52.68725587788192 123.68813599241943
-51.447824040553016 123.2606084659666
-51.52909347772958 124.35957068700424
-50.65630091140912 123.38195890482805
-50.930613486392545 125.06897970036314
-51.81237692838512 127.3214574727903
-51.01694579677617 126.19097637019472
-51.21525319887131 127.65479234369094
-50.75140225831084 127.27341357146597
-52.78364257024144 130.8168102621588
-52.591718026321075 130.28071790928772
-52.10701878489341 127.63709062193846
-51.88722813090598 124.98411792182712
-52.78046471457465 125.29484160309404
-52.61317785806418 126.71002836934363
-51.99870474938051 127.36521561696621
-52.14701553689073 129.36822505593918
-54.50535939071711 132.255442923838
-55.281381683539266 134.81411082176552
-53.911299568037634 133.5768117423775
-55.58969079125308 135.64285070235772
-54.031435752497075 136.0057601853247
-56.00582964177906 139.6688960630882
-55.344715214618475 141.4600631629679
-56.28432198083315 140.9336978490048
-57.260416648833875 141.76027930987894
-57.82788671877874 146.3764475508871
-56.024492974683284 144.6824830217123
-58.14720825726987 146.96229988241276
-56.37135420440344 148.35333060574067
-56.82733792379425 148.79419232235392
-56.5462829604037 149.64154183381146
-56.51586439023485 150.43820857244012
-58.11360629636908 152.56474679696782
-54.802652228829224 152.43894540029845
-56.839371812053685 152.68446417352885
-54.87547339668338 153.72383260042324
-56.78505320850842 154.4431949840227
-52.86400775754168 156.6570505684737
-55.727139516962346 156.69864996947592
-56.23031500790641 155.23130537106363
-51.94465897974793 157.27419598562608
-51.857863062302265 156.91452354476203
-50.09134797023752 157.3551278031274
-49.20501922341934 156.56891800945945
-49.32196051096212 156.95277897326065
-47.0306111434454 155.3145866920601
-47.85573581576024 156.54937948516957
-47.36419557061956 156.21976975202963
-45.46359490951408 156.49245736188553
-42.417349408041474 160.50203146551823
-42.14964731700945 160.47384352273647
-41.42753067670712 161.19571273824144
-38.7681847265425 160.33025562465215
-37.28665769016687 161.7990613390343
-38.822909905976445 163.274323205069
-36.77446775981702 166.81617986053286
-35.449739571008855 169.6370843803832
-31.629435324168846 171.17276097852724
-33.75300522976638 169.3623863224736
-36.64203437957442 168.7594613998025
-35.30297952778769 168.9510744349683
-34.26976218070974 167.1947508127166
-29.853685677570304 169.69052214093693
-29.33396077316605 171.26448747711837
-28.41538319305133 173.2231986132915
-26.146228648801294 174.76066500620294
-16.298918465009375 179.9844056277863
-21.435666913207168 177.65994274835313
-16.455061061857744 180.92132741586303
-14.453594206881862 182.44386993657136
-12.008577571820878 186.11080086382418
-28.80192267973372 177.04709252141436
-36.820669149720686 172.82090376215407
-44.211480846021 167.8411535642266
-44.344570932632266 168.71556916209823
-44.97155129775212 168.3997913904595
-42.032253848072195 169.9540732211443
-36.88365432797334 170.12763999504995
-19.696196618190715 179.34466399011333
9.140250466408224 197.66410847561914
6.434213713429436 194.54939630903093
0.37598860811702395 190.8689798030945
1.6892371367210506 191.24626837720098
-14.344288628423246 180.6297475791367
-0.9757076541220758 187.6978976086354
-11.658435075584041 179.80029573992528
4.624402512756973 189.33448584870501
-17.453950235700738 176.26775923028805
-25.931884991518434 170.70194891680637
-24.78984564792668 171.76531001419357
-19.970770585408005 173.36167121226273
-18.10986199372074 172.12683978059397
-10.681031198389165 172.80756877490109
-11.934591923904142 172.91864056273917
6.630157142663883 188.16651381109756
7.010733831457698 188.38701674929584
7.825404190847461 188.85689559196894
6.6441286889295 188.6374611652043
15.109637356449998 191.95969823295485
9.967110708189916 190.57816165096088
1.33352660029874 186.33641191200888
18.165052242061233 196.10885278708514
12.240193487155139 195.01938050241995
-0.26548372709917245 189.08525985129288
7.419825997434133 199.90014984279983
2.626997805209697 196.30817660141636
52.858914673869954 226.26488059615275
49.50383921314781 226.38001182509905
49.71174946155553 228.70972039929927
50.76451437399874 230.236494381796
46.519093155155076 228.36277375600517
51.90562869516905 231.02351348473502
56.87985545017996 234.40657696667262
60.388591128624746 237.80116445404096
58.67251457259737 235.76042699072846
58.5715976724032 235.42013354349055
60.86079900273141 238.2547560888659
22.237652749214536 216.75590226129148
30.918838764581373 221.961465661148
46.57878206674177 231.90417791834005
53.210897266904894 238.5157981695043
50.99748665433705 238.4073232434335
47.90001050342568 239.36901060276065
40.60611840578021 235.9064530642939
35.24476823519078 234.9084036398726
33.06004672504662 235.5733221478685
37.23044878017251 240.85618782732314
25.23363675459987 238.42034181033833
32.801437237053165 246.86589311527084
33.32799874904067 249.88565993705316
19.272658607821267 247.99088953477775
19.41224150024487 258.44750939285746
11.146336043475687 268.73335507400463
23.790637422829864 290.7456301951059
13.625812051559905 293.27701633059826
20.504614450913735 296.5525661409982
21.693318810186316 305.56176209429594
19.793754396733988 305.25179311490456
25.97003759027825 302.0961715364338
26.593896483248916 277.92011168654994
24.14867856337535 262.4817084363189
18.970288608721347 260.85827158559215
14.246791826272656 254.5596336237979
23.098698522827686 256.14381299844536
25.076376375881452 254.89165394878884
20.787294072258693 248.86903335461494
21.164163525509487 246.0903161863029
18.566843584730016 240.34565541367306
17.622501850071487 237.14360692372424
16.84658935523121 236.4691474894749
12.687735600325173 231.35442184670424
14.06154860166171 230.61856891583147
8.714454080899532 225.27507737141212
9.852326028113602 227.82757898408846
12.702653494939833 228.51345517194525
11.354819862114118 229.23202296032912
7.330753582094593 226.55899080716787
5.963825097487501 229.16491103833312
6.061871821168632 233.65884052144398
2.066985068436078 233.13188897552314
2.916639444373085 237.59308861188714
1.4108475403123941 242.461189654506
1.514062793901606 245.97191698014234
2.8488331635868596 249.50126961773813
-3.2533252873096847 250.51375025181915
-1.6282345035935641 252.04306563667967
-4.447607485917955 252.7922680462579
-6.640534963417592 252.85525688067798
-6.9326622249937095 253.66134312964024
-9.141138604292198 253.55639428014598
-11.70001436849687 253.41150491491987
-13.14198878626586 251.61217115455423
-13.873510327630742 251.1778834024075
-17.85370525087758 250.72752438859624
-15.767891337871575 251.5029299416742
-16.01616978992429 253.58392449313425
-16.4801295670252 253.94144590358292
-17.3690591771761 250.96863288509783
-13.703400174823663 253.68476838796084
-16.228320907174858 249.93308006297164
-21.03522504965084 247.61067280526385
-13.868169447946851 248.59053677890822
-14.93032231403129 248.23847927750296
-17.70891323719344 243.23995437366017
-16.047162554436568 240.86486161660994
-13.026647304915548 238.73858712264735
-12.982822140568254 236.17797793751546
-8.905571134631085 236.99817459159684
-12.754312133685442 229.91079730760666
-11.805488747064244 228.88176333188736
-9.211376811026227 227.32527679181206
-8.054944497604554 230.0572415507696
-5.628957234243886 228.71201092212064
6.240591738026961 230.9277359913117
2.4825368331831155 224.6983767102897
5.924859245493014 225.0620330703595
6.258979755277306 223.7836779345981
8.423553466167448 224.24186975371748
13.417489812589022 225.62233436106243
16.783165728843446 226.58928615071486
18.56195205878286 227.30469782990644
21.192336883660435 228.01361802187782
25.650683444973165 229.80656139843313
26.585534621086634 229.17510398177907
31.204863729490594 230.33176439018126
34.441331268297304 231.77388405349194
38.75108827273003 232.57314035776346
43.634714246670114 234.08948481417045
52.4139971224145 238.60391508308808
43.045045117708085 230.90531897130145
47.113190141488225 232.8258590603674
57.91575057384394 238.97286785428793
53.950516161665725 233.47126141140063
53.163641320293905 232.23141373440546
52.3692047909846 227.08597448688084
67.0400511022819 236.72919006662892
60.72201530797748 231.59490320801902
84.93597897641347 244.03556248811688
75.14936658895651 237.45922862927097
85.90643692429641 243.4657133908609
76.6789669420631 231.07289231336347
77.33762878305892 230.4356235489078
75.72452708414234 226.78488682071435
79.50047524312711 226.54405390244187
70.57331156877915 218.78382084289188
86.02809981252919 226.56414558734696
70.11786435842417 215.00143028954375
70.83192779205963 212.3299530458314
83.2010028597768 219.7195143331072
70.29245956709433 208.64021244226157
61.179580346766905 201.35385743126628
49.436035576613214 192.0686753790499
48.0877793779415 189.89494481075488
47.76846533228155 189.44670565889103
52.26980175840163 191.99577851033635
59.85775842797265 194.52638647832336
49.99889477419327 188.41378706991094
51.57274191624529 189.06656692714472
55.545484342925555 189.95505024287
53.24885709171172 187.988191805654
54.83479242588708 187.94457211181603
58.82036722408118 191.1077186119467
58.449163962608594 190.0251126662011
62.21410071377658 193.03791517853136
59.740414971408555 190.65105826695986
60.219386725347086 191.76624374116255
58.81396495460519 191.0405117815618
61.27306852357093 191.9844415867226
57.569715325663694 189.04249668275068
58.603942360711905 190.9544071723464
54.48283698636317 188.50260187518802
52.73554805101195 186.5096042112225
51.28711467568519 184.87684784571965
53.4465520508168 186.12406591504188
51.56528299727788 186.4667427093976
46.260723892220305 183.0565659591226
51.43478073500857 185.31299554796044
50.35647552118175 185.38790172872945
49.034619234379576 185.48942035703755
51.5906769614048 186.45117222471967
55.1383542310275 189.53798839080477
52.25289669690854 187.5728148282041
50.38011978886265 186.42997421337745
50.02266672140153 188.56650714339412
49.73813281477945 187.75566151966575
55.353842957788395 191.88175942308888
52.83283610145312 190.24131099963893
55.864992869568745 192.19136712727942
54.42546536868875 191.97068575844176
52.04988079815282 190.31202560851077
45.13270802856986 185.71469056736314
67.56460680307006 199.9335058758877
48.564608962722296 187.72699337467324
52.19463973475491 190.7682515243667
50.0280587029891 190.0286233540069
53.36677161878179 191.61658536670748
53.30009960551884 191.68060097638335
54.51062859468829 192.84077240841896
61.94881830671103 197.02722956513557
66.147504699542 200.18970430370752
65.26988071520734 199.6884151321827
71.72845614828259 203.08556220677255
77.62846643612843 207.70004338262794
72.5565340197048 204.07143647783883
71.70188493411045 203.43393680360435
69.64112984429597 201.9940249392094
79.42420968142403 208.53986329361604
84.05485139336416 211.5528239861289
84.4659715091841 211.09049350702642
86.07450242029903 212.33221221544005
84.92115689642416 212.82792772487073
86.91890602500207 214.23322383228145
92.56861990506721 218.423897149098
97.3550714682183 221.9547924185131
96.53031641824373 222.60284252790555
94.38650007022201 221.18410428605273
91.68597296550237 221.44426150227832
84.89181726934683 218.90352479715523
86.81122299020298 220.50408085682602
76.96468764925552 215.3985503448441
72.56132055682481 213.5466806234172
74.63433484450806 217.2012971882098
68.49856906150544 214.71132181880304
57.63660596728368 209.1471657632339
55.97365676072445 210.67075399454737
45.043975134727624 204.87617865317856
40.498491334535416 203.64375115748865
36.846076266870384 200.51176522764507
28.35682206115103 197.02549513295983
23.30203943723679 196.2652699917441
24.107385859389368 198.7439367281869
17.565940123858784 196.0829738881355
26.933002477354126 203.45429108870437
16.031738091030803 195.34271815620446
13.459562492553314 193.38850269734945
4.8902138106702635 190.81064587451596
9.67628197841969 195.11600259259856
4.222037737364131 193.6271953566071
-1.8096230268316507 193.59138832645965
-2.068892252993548 194.33703999100484
-7.677492524666761 192.47544935611933
-8.251479655670574 192.35414407638544
1.8887940203378975 199.31086666604085
-16.601341564392957 191.2213205624182
-11.369758073575298 194.55402947882726
-10.30565743370358 197.6931460222861
-9.08948617872714 200.58156469774713
-8.991929149521455 201.9888112982265
-12.691529161071642 201.6197066839711
-14.170057370765289 202.83038364446742
-13.975593106003627 204.72669745726898
-16.335721999090673 204.88101008078175
-15.017972681184446 208.1421342367963
-11.820539205085787 210.5135388955744
-11.285471423603315 212.01324855722564
-16.09468919727874 207.1095323663311
-13.68659731137091 207.74129369792996
-14.423209914473507 206.11811382055527
-2.749833489138306 213.63702973661788
-11.63036276645941 206.10586186944798
-12.405840216449635 205.8443957878538
-11.777071266828715 206.050587817459
-9.819916678440862 206.13335706013078
-16.476011094330854 203.40346691295653
-15.232014774988997 203.79901184045397
-15.98302691273118 204.26269586507857
-10.05150146309921 207.03797666228414
-8.045093912070715 209.4803961681573
-4.206902357633128 211.68725226747299
-5.844938695586358 209.22468559659703
-3.0623856722253926 211.5848689888911
-0.5479503530103549 211.70926794621386
0.12491315272234638 213.53704599447408
2.944563674090566 214.93391728349667
16.988125019141517 221.86712149782076
20.50250213420927 224.32775930929415
20.98681616005327 224.0259161050909
27.57741595092322 227.3239030926573
20.341209961342262 223.91000360139006
42.63326154019785 238.45745986589017
50.008048134235594 247.8879570150123
58.172974006835226 256.13387381321286
69.29960212884629 264.23647192655926
84.88957339924616 278.0824542856895
88.60292285564132 290.10860813115033
84.71676532053897 325.870958669383
85.69237508237308 348.95925609388934
98.31375386723266 368.483922582827
105.97644591489666 380.2613987374991
108.74197843748786 384.8221607610557
116.31563009806264 388.5043876869214
113.43369654542468 376.8270436919535
113.02124094721546 361.79650689682205
113.38415783917641 367.40158979300963
119.31226921849955 370.5604063693881
120.07323874570912 374.39373980174776
115.63198853583617 367.20426649837066
118.32182975644109 354.9061623254658
128.4356290811355 377.54273341633973
133.12156726483863 380.6585803157555
115.00223783443307 363.91809750681176
132.8738536658315 369.4951596767151
139.8130856903088 368.9403903549022
142.03976845484053 366.1199111200658
136.14455601931348 357.9646301333107
150.1592381416669 354.1323976782442
137.21854433136417 332.72020001662514
157.44716030216338 329.30652413781576
151.01817131407947 314.2448648735763
154.03102645147575 305.49698590864915
130.72318641870706 287.449139744062
125.65628804637772 280.47800517682003
137.53201989272785 281.8649471824602
138.95562175076776 276.18297015645663
120.3437125436387 262.8244086115689
134.51979217535197 268.1910455343402
116.83843154509904 255.0073931139463
89.39151421423448 237.32165443715243
94.05650885386162 238.3642836809326
106.86213850627183 242.9644632442284
112.81939569272052 244.09531371061638
82.20091623020878 227.4048834615812
92.83638545464792 230.2715949507922
89.91158684103046 228.24959921070865
90.13398695025671 228.3485649425667
85.58893751087581 225.17277982669899
79.76503123224313 222.296401065352
86.68399758784045 226.0228586063588
81.81007256064302 223.63931319442767
75.2478709613478 217.89351809273685
28.449292174122842 229.31509792969257
29.284271206674525 229.51495106201023
10.977612978660423 188.1694241659836
11.302332874567139 187.21600430548443
12.844840307289003 185.5582509302081
18.13118716333855 187.3584897712358
16.10719027567522 184.07768919771212
25.772593606557887 191.8160180161064
30.952052228456356 193.00276809855967
28.11730982801296 190.52966351868668
31.307770690553365 195.43307301713094
28.430619542415105 194.15558149163945
31.147350096893014 195.00844392773854
27.86315786013522 195.58266998492803
30.95288410008558 200.0910902138184
26.15338620234644 196.5775895048016
25.483407690144777 200.28499199132403
22.55408360402677 202.6563816962198
65.99020674710837 222.6553092671202
44.22292180007905 206.63142239709748
65.51970720638927 224.99131363768672
69.07834846690567 223.03730384874072
67.49150629983617 216.55461595206177
92.06992639309912 230.2070604812357
115.97460732646965 241.24193399162624
137.48055748577002 253.14365584929243
153.94034368583442 260.96269661062354
143.2136923115773 256.8143269422665
148.58065672842602 257.3272484574932
149.00453939973332 247.43627718516586
147.34255504995966 250.2474372303731
159.92235794579426 254.94239434206858
158.32044344507858 257.04122932419614
156.0207462502531 249.06584874355258
131.67482828198897 237.0183393745096
156.00001541521783 243.85323295628814
148.28749341290944 236.27214579370445
159.25072502259422 239.6475631604127
158.30755182313615 241.07513382797205
156.3759894387437 238.01482835058044
157.1777189466412 238.86503793927602
157.51420365598713 237.12869984146977
153.6957938609261 233.75975402602302
154.2446786232197 232.84156926116714
159.8226515842589 232.81385241141027
157.79056392532732 232.5287538319193
155.83751949583697 230.04288871803612
158.06712840484658 224.85823389461035
153.19004344413364 220.74509915006
165.1222410759728 228.3958172394196
165.9136646269759 225.41310673586196
174.45119556223307 229.6602380994996
157.9750014969803 220.87518042443378
168.26553626291837 224.56376030694886
171.97116435761728 226.06158767014887
168.6304492380906 223.19761259849903
165.079600640171 220.06632221576885
172.41400344745946 224.18051375543718
166.10533952568682 220.54225488030752
166.8132448583726 219.27460337301636
168.5759097700434 222.43904291506357
166.1177093907137 222.62864858777183
171.15541676326265 227.6059394034075
172.45928279702082 232.3895365953938
169.44945073744944 234.69814116421074
163.85843800959265 233.5024100611453
169.48168731552292 240.92758792985242
165.0332856969489 242.8477572421516
170.6908129538916 240.47091778637449
169.20797387791143 240.9554474201039
168.84448312081557 243.3865040598512
170.7289339293893 243.19683861904602
171.041157016133 245.70577488529622
166.2003177078022 240.3290905442979
165.57969613614034 241.8436115259098
167.475680871555 236.38537983977946
171.24613457036665 233.2164198446812
165.03755772933593 234.89585016049173
170.13225503584147 241.26817896410697
170.53156531561848 242.46862473496515
171.7230493545554 244.6030328125754
168.07734297416218 239.43270784378916
168.83367746802122 245.0347061670337
164.264445326027 245.01670227346267
164.69470420557303 245.76687909196784
164.55902745805471 247.75984980390882
167.53753745113417 249.3882040446076
165.3465185343868 249.47210127245128
165.51642745202184 246.67935709349254
162.87486344667647 245.71480687372005
160.1340579858759 246.09901788497507
161.17116655167163 248.24139476873773
158.49215014920006 249.45991200565908
161.7925535098759 246.9676262565339
156.6595644671673 245.7233054692924
154.20930516673343 243.70789086259836
156.97252429065708 243.57600304218482
155.10691634692472 244.37033334326455
152.87743026343753 242.79952669190575
152.2191522760974 245.0777599786797
150.81803992442354 244.3420836807092
149.2541175186191 243.11690618938945
147.97189988147306 240.45072424520836
146.31202141989957 239.6127920413752
145.71358137202563 238.9631506683976
143.1248554127691 240.14095414719347
142.90475711717508 239.16104166900539
145.19784174092257 239.1247569298677
144.48404480225332 236.42050793670782
145.77915900674932 237.18883936394434
141.60849397138935 236.72952339835837
141.41190359626896 236.65401718600674
144.03032982584708 235.68759317724374
144.53132804749262 233.05086707486663
142.61111677598188 233.5655149536731
142.31297700797097 232.30902260065048
146.36590864887606 232.0542567109231
143.98689663623375 231.12504194038533
144.51286815252385 230.52716536015606
146.67854930638055 227.6785234094718
148.76658777898632 228.34107789730032
143.18020044006255 225.47970767644355
143.44762334815255 225.76188430646167
148.64103386191675 225.21771250344622
142.47737776125092 225.3699140195233
145.65887208036685 222.65156544130656
148.77131418211948 222.43081095539392
148.4015239056736 222.3430142618658
150.72048056032426 222.02710998714787
150.7381968079588 221.20317499107418
149.23818575932643 221.28118560731562
152.72202914254444 223.6960666088415
152.42561396567848 223.67398894537249
153.30882945452495 223.68507718141703
155.22630113904745 225.55791495397978
153.61642310956415 226.30739703918144
154.24260503051224 226.47863082706144
158.16789987270798 227.673035240699
157.49455169825615 228.8988298071497
158.3360580931716 229.6707286725963
162.6995828394489 231.99389999807102
160.37806634559965 232.09836786110844
161.13843393976646 232.91461366151952
161.86783016167706 234.4731715969513
162.63581016785673 235.20330911232855
162.9620705867827 236.52687446875774
162.37086823207287 236.88774100658665
164.5802262755829 237.9013210120457
162.5984699618001 238.46929549806134
163.59617145833528 239.5867406629062
165.16961202060858 239.0764389262686
164.86727535880976 240.1157370850094
165.38224980870345 239.62819857543874
164.85832814499022 239.16613635789602
167.08244275656804 239.60161384407994
160.63896202059132 239.30020395374922
159.67159675934974 238.63442448051975
168.1870399554743 237.83739235838422
169.13482208681668 237.08244643914313
167.600885879321 236.56382051326665
168.7846141644915 236.60507079285864
170.29365254456215 236.8161777993416
170.7966926428037 237.61534111069344
171.18328505638158 237.62819207162676
172.76754435879093 237.1984276554867
169.7850971204658 236.9320543550021
171.56383741066526 236.41710927931524
174.01565078166195 236.94956475157582
167.56224429956205 237.32154431144957
174.36591675402173 237.4674143162921
168.5251636488149 237.68514715246138
168.33632543197007 237.76765073155076
166.02127490732357 237.27847026309288
164.49948612865543 236.7010117685355
161.44681712863073 236.68377308811534
159.6071581031993 237.08563386682215
158.91361047171813 236.65820336464006
152.81804995231795 233.9263330130308
147.09626915911852 231.13282899391672
153.77191234405643 233.42306606574337
158.91047230417618 234.3682527127098
155.4628330230844 232.79929036279654
153.24411096551225 231.16126517471488
152.95199302984588 230.60486652492318
152.32986048032583 230.54653037388024
147.7613386823154 228.70957397781132
150.68395165110502 229.51485193716377
150.6896489660882 229.28030842764153
150.49843127595125 229.3761542029773
150.7156190344579 229.3298413250601
150.5210211179573 229.135486733162
150.9114790237672 228.9530580020523
150.93036128777183 229.42492907685792
150.51528474233692 228.5242117089603
150.94743789176212 228.8743983859352
150.98732617614309 228.95169716314726
151.2961193672292 229.3737999854076
151.78524611730867 229.54425770543102
151.23497981277723 229.92412391727657
151.60521270943428 229.75827061691385
151.33808917814926 229.3773048007781
151.40422461396946 229.3735740111158
151.83581710210427 229.25604954591884
152.3160533756862 229.22471578340887
153.00335158619382 229.72948614203622
153.4679837228637 230.23659319305565
155.2223168939383 230.4198322576013
155.24681481437426 230.6764476647026
155.28038240175678 231.253621313902
156.56495532546225 231.6048922943364
157.49649453480993 231.95556440149457
157.99590700650282 232.02613106694474
158.61894793765134 232.19949215483314
159.87041660287727 232.65699112439754
160.11500552988 233.42898378877987
160.73160480945606 233.4119940485833
161.2539762616034 234.7129228005904
161.57293478318127 235.6578461752918
162.56009469006145 235.50711344158717
162.76677776843675 236.95422562024555
162.75979595135698 237.5644122761104
163.67395242875102 238.0212898338329
164.29187319776392 238.57108705584088
165.1212283455288 238.58832097888882
164.6975817793948 239.40310615239636
165.20268225151136 238.68533078740901
165.45412338668933 239.6716240802952
165.72036003599038 239.06999607587443
166.33992571299981 239.8606992307325
166.72497303025227 238.69954200231214
166.8403390349563 238.80992413925512
167.55526902952425 239.2863187020353
168.40428275101348 238.21105510005003
168.33221907147401 239.67737619803674
169.04362303935596 239.89781154281178
169.73459266073658 237.50725039041194
170.09246077362644 237.88256953851507
169.3041375077823 238.46560121842853
168.2733721125965 238.7535767600247
167.68686540805078 238.11479742014964
166.67813426107847 236.9746145685292
164.02375242145376 235.8167160988415
162.8053934334394 235.3944937490086
159.94081753690165 234.75347239403098
158.86987123111285 234.67343124373642
156.62308792154937 233.48402669257746
156.52622596242 233.93694440120254
155.227459727386 233.2805257336938
154.617539081215 233.49720361519658
153.72069341741764 233.29123954292834
154.1113869971779 232.65178200490192
153.48483457512097 232.18097151415265
152.32626228586133 232.11981233429034
154.94307401537404 231.69581845695728
150.26958456328282 231.63899162168227
151.45790644655563 231.630347909561
151.0211201753369 231.6006745217953
150.7975857016976 230.67062531103957
150.78828633693703 231.20508614789023
151.20811535154587 230.96049548100157
151.20046399039776 231.07966670250786
151.27286075884854 231.3038455475158
151.88919375566505 230.9915879071649
151.6872289084477 230.92681156256674
151.64995192585073 230.48723268571234
151.84100115705425 230.22477311964218
152.01554465947908 229.9430152718281
150.84790173034847 229.52727145632196
151.21394415930828 229.94913570377304
151.049011660548 230.20861702148642
151.06469384091778 230.2814529823184
150.8350029852245 229.86017132326668
150.91512792504182 229.8578500623825
151.00834766797732 230.0151165232257
150.85856056688223 230.18090489754346
151.37725361121537 229.7593330373053
153.0496926035999 230.6364572247179
153.83479861708116 230.17756212977585
154.04654948237484 229.42648966578074
157.4365801735758 230.73702347264012
157.7590633171814 230.3723671616908
157.6333498427969 229.35407717944622
158.20359988472745 230.84541120311624
159.34011672805275 230.56240610951807
161.575178824452 230.9431234127578
162.37159856449313 230.83831062572278
164.71292974032545 230.77452943309817
165.54090924009864 229.15649650279173
166.5277420578593 229.74640671698185
168.98423813526 230.2095000272096
169.73909922699033 230.37054795786793
171.6495979988901 231.47652510911402
171.34890503404588 231.72641745115584
171.72776769982622 231.4021711851052
170.05182461683816 230.64542150731407
170.96800864886833 231.0335596971565
171.7078914953105 230.70574972302487
167.05310973526397 227.82198773044323
155.53508036983217 220.38348200173297
135.25243422268966 208.42586211290464
95.09431321609641 184.0524000064115
43.302268683240975 153.93781360534484
-18.383283580542443 118.05136807722734
1.8125464499450483 131.39858193620526
-17.39506543804142 120.85972334423879
-17.355953523332456 121.54632696451405
-19.952649162598455 120.45651042901187
-20.743952967287505 120.27173095805107
-22.05834686045926 119.94986271090545
-24.724507093096673 119.2009655287597
-24.107748052455833 120.53254033880937
-23.442234099488445 122.48793087693903
-22.33418711802668 121.83958709770076
-23.82617085366756 121.90263211757095
-25.80955928797059 123.21365086878386
-28.98525975562496 120.96854944203353
-29.90832191729376 121.02477384504661
-29.29238423049575 121.65728539923987
-28.78123582703239 122.16701840711347
-29.232317114718363 122.51503713489456
-29.007162385645074 119.72968981062246
-29.88043447395971 119.8397089662187
-30.420931280932862 121.06183194714875
-31.486590412713657 121.68047925683054
-31.884731910657887 123.16940260442186
-33.19087610055172 123.62849031447274
-34.616715632473735 123.43296176565879
-35.89682412754198 124.10127739504145
-37.99237504421546 125.13316558335485
-39.39609500265625 127.18485487202167
-41.87825629249602 128.3449345406807
-44.63869259164698 129.1958379944836
-45.962300946597054 129.94547902360597
-47.43282148398989 130.5743510590174
-48.83183925803215 131.291479561506
-50.54449274388018 131.85384229963213
-51.567196210239196 132.85890684421017
-51.92833829975165 132.77476069723485
-52.52346739842606 132.50410940941973
-53.762141719226655 133.16943331024146
-55.095067260155204 133.56809659932046
-56.60343262701416 133.2651551386202
-57.19738627318941 133.8782871227026
-58.19870573784898 134.00626801156147
-58.699823513549696 133.89724622877185
-59.95781847965151 133.18391083266638
-60.57180093795212 132.89349718210065
-61.399311229626306 131.12291812163883
-62.346436822721614 129.22729136070123
-63.532408898705356 127.78169453300062
-64.28300519257802 126.2137608930498
-64.63414397588816 124.18776239289026
-65.23774208782473 121.74911015704465
-65.48297392502289 119.62354338183077
-65.94846315061906 114.79882981002736
-66.31680917212337 111.86291453681848
-66.54481472305599 108.99794118395852
-67.28699489433073 105.95296421709564
-67.53062960377932 103.22072426756425
-67.68045382147389 102.25248295319001
-68.27823308433857 101.4935204871907
-68.97139050346668 108.67537297123782
-69.58324550584881 105.8186036958287
-70.54650002676053 107.93638641147787
-71.70095123689737 115.00485663130277
-71.62306920322058 110.7064494756956
-71.56818728562374 111.42087363143052
-71.78097788321567 111.70041454685519
-71.682294980242 112.13919621046304
-71.49166927447612 114.33792563158238
-70.92155059239764 115.06507449158724
-71.92333436384196 120.15009503220728
-72.60666731105806 121.25884982985856
-72.22687000528855 120.57419167069948
-71.82720379406327 124.2679792585132
-72.83071828233648 126.12109604258376
-72.7796281577646 124.27818724126628
-71.86145262598124 129.0811182608782
-71.95029094980211 131.52045321912306
-71.8062529304203 133.01926101507286
-72.09210845140129 135.79714241949662
-72.28368726763897 137.44675335242587
-72.589396169792 139.14503087859563
-72.1185726485177 139.71374780335478
-71.82456647251949 140.98016825272293
-70.81648944651455 142.19358519770833
-70.26887635752824 143.1200631427263
-69.82968231423007 143.0080040424724
-68.41375217508512 141.7094847041975
-67.65018888863133 140.74869243905576
-66.60034882057637 141.8605117975398
-65.71337966433829 142.1460462954295
-65.46823688021202 142.53176500230808
-64.86649948125572 141.38316005609772
-63.7414407339845 141.0396355353382
-62.944081757436834 141.12684860534242
-62.551351118734665 140.43705712748803
-61.66610650554855 140.00468938644318
-61.01043543287354 140.01375965731006
-60.4377158201878 140.12058577397283
-60.293822825488355 140.12550677930955
-60.134366534971385 140.44906846829758
-60.00542358800572 140.34619810491162
-59.77683422921493 140.20521854940526
-59.844773475615426 140.17474189069026
-59.87260063159194 140.57892352851053
-59.595026282671576 141.0278675732676
-59.869581460545746 141.01901958738011
-59.912117001201686 141.30457296527345
-59.69598612577882 141.34736674820374
-60.11439218679733 141.76404234443166
-59.98396324814801 142.05206557703204
-60.36059744313511 142.4281181251296
-60.40513524762446 143.57941170798807
-60.89245705987991 143.61096869510078
-60.95982519337447 143.9396721702595
-61.63187120183903 145.36570363762192
-61.99030060656733 145.92731255546084
-62.1537046633245 146.24397954643555
-62.55594013998723 147.52711496366828
-62.98218044757815 147.91374400000177
-63.44529668773298 148.88758883934972
-63.3690515216661 149.2050911041139
-63.57824943328381 150.57273095885583
-64.00353880350903 151.61234699928193
-63.93458526488654 152.17098333158964
-63.62932627648541 152.8094902504997
-63.75923072072289 153.443382418357
-63.85091138676725 153.88117154639022
-63.30701794649348 154.10793153556563
-63.426517861214535 153.50764611581133
-63.09533569933767 154.42216532326958
-62.79820419054839 153.93278762934168
-62.762956887833916 153.66211179038595
-62.170618576562006 153.4170501203621
-62.70992377679353 153.33922034456532
-62.63109250789263 153.1001779671662
-63.04231144622118 153.8661173806901
-63.16281102533194 153.73481901171917
-63.2774075723346 153.24608348888654
-64.12697093760146 154.93074302371187
-64.48933656932921 154.7772485298822
-65.26594396924473 155.27427930095
-65.48145869700176 155.12720941526678
-65.29401767706158 154.18761179649576
-66.35819028194534 154.3834805249476
-66.11800544786215 153.43984790774664
-67.54781428538821 153.50640125086932
-66.81280631798771 151.7936085413249
-67.59278402977954 150.78757125790187
-67.35758670510936 149.8578181713123
-67.8874747919484 149.42675496586153
-68.09780212741074 148.43632947288
-67.68667036531824 146.95919284823597
-67.13086653806114 146.09093661910907
-66.95592931786067 144.79857211499416
-66.15097906723311 143.82988422847018
-65.91522398046811 142.96402758310867
-65.01341099242056 142.3468101229839
-64.47784623202517 141.94350107696144
-64.51546426260433 141.56602794274446
-64.22413019215459 141.68225399645647
-64.07206730519076 141.4277162151528
-63.82679379077021 140.87896315279133
-62.85671720532715 140.5562036592555
-62.087062449664344 140.33634404075448
-61.07366318912487 139.57080202138843
-59.80996170971138 139.038547936128
-58.87204907655649 138.7877504444106
-57.86165069442797 138.1354806210322
-57.25892738578096 138.32259845768758
-56.32626967288649 137.27793551111836
-55.91880890958158 136.85061977322
-55.14137372083938 136.2446121972919
-54.03056899123353 135.58648734612856
-53.610394056259636 134.54556168601732
-52.85289700209737 134.00742044297152
-52.429387632169 133.5934052006319
-51.89927024019685 133.34513131881945
-51.73320491395858 132.6925293276731
-50.909489439579595 132.35038785511975
-50.76493191343783 132.3460385723452
-49.945453234916414 131.88874804229675
-48.85208617091101 132.21099374174176
-48.250507464645914 132.8244382204457
-48.35352467955027 132.26282608322816
-48.47230727782737 132.24250327587387
-47.91839189280679 132.21190114475334
-47.653757750546276 132.5308313305269
-46.900159237978706 132.54724613267663
-46.70901822675124 132.5654211153113
-46.297053213345706 132.90242367149014
-45.541847504578236 133.10760257353024
-45.27477097732056 133.64354069414992
-44.872836281217026 133.90605035465018
-44.60480180531103 134.13021845409946
-43.801738385389115 134.61816480352718
-43.66984213407481 134.71023990246624
-43.780453712926686 135.04695273923465
-43.28018033906514 135.27183150796066
-42.98084208046208 135.06691392839943
-43.280872270935795 135.2124352351474
-42.37602838121273 135.1770471116745
-42.02243729636482 134.8997655604655
-42.13197218912677 135.13024421139437
-41.78136238414382 134.92624680297092
-42.09472532053951 134.72561635667998
-42.02040057666557 134.7688095546988
-41.62788579726844 134.5760658312734
-41.400249913900105 134.27959555569296
-41.650306818661875 134.08980379628272
-41.645597544941104 133.85736864020595
-41.66344582971254 134.07974854610256
-41.314389161197 133.6632570243116
-41.24789439384413 133.74222868571687
-41.346053429226 133.9288207072139
-41.83422091527296 133.63517848251712
-41.628666135394944 133.775219002694
-41.46475503308299 133.45219227621337
-41.52199412303163 133.23867238379557
-41.44370595636597 133.18798542332195
-41.27165945628752 133.09762374774488
-41.46037750805165 132.96298347394577
-41.68085417319704 132.83641462760258
-41.717770962031295 132.94725725389344
-41.64713811402847 132.66233515551286
-41.406937458027606 132.6497606092338
-41.50502566541011 132.28996514529894
-41.30803829257643 131.91718984131788
-41.464527170206836 131.86523979863722
-42.10249246942966 131.8073075606448
-41.854797848377885 131.87555320016136
-41.823289925896226 131.80825400006307
-41.733818288197334 131.7839861109554
-41.4617325965764 131.74878077594263
-41.98262505575373 132.08217697129297
-42.21466505979452 132.05133055833565
-42.59065528618222 131.93687389772174
-42.249825180744196 131.95374745007328
-42.09645304356469 132.23016576493947
-42.58130932671199 132.22802302436145
-42.41483468208507 132.2990212706168
-42.73356101625463 132.53791729940107
-42.77705512811975 132.53887790427385
-42.91832512139829 132.85332449910982
-43.273820850031186 133.0643853061186
-42.986391478196325 133.0073089821245
-43.53511924034455 133.24499593569482
-43.76436474986986 133.4319685349037
-44.384509072403475 133.36885802552
-44.299323247362246 133.92187809483664
-44.608050450701434 133.72259474474689
-44.98943747664998 133.91571494418514
-44.776971533343534 134.14773715018976
-45.08690043783681 134.32953377367147
-45.45695751096179 134.48719692403427
-45.601579400873234 134.44118142808924
-45.81662390092277 134.92218380274807
-46.06540304022152 134.86397332466993
-46.054061775251526 135.08047011722422
-46.320652763759384 135.16195514605772
-46.754551589758606 135.35402852489614
-47.57968494545032 135.4162024507706
-47.22055705609314 135.3289210580184
-47.37268201431125 135.21171884594438
-46.709152446264355 134.84082619774256
-47.71608654934445 135.13711891644093
-47.633144237226595 135.17516236834774
-47.93510236344047 135.13709611192428
-48.41130040533818 135.03882834062463
-48.137683021254695 134.98106439046933
-48.20901842989711 135.28129250259596
-48.881336297937615 133.98647332322534
-48.43736649542651 134.22527333434854
-49.23978601078704 134.08183094662454
-49.33332678053291 134.07741196618076
-50.04836443276568 134.0164969008522
-49.41870564365545 133.89618992050686
-49.7350295683295 133.74325887840158
-49.828028755176426 133.58022149384897
-49.85549518847701 134.1378381838106
-50.06709411217736 133.97487197379937
-50.553923988404314 133.79618245981985
-50.67332953018754 133.87565670737104
-50.763924144670675 133.7112223903048
-50.06472545218781 133.46767762821918
-50.776906900820094 133.74669555117282
-50.65903583623407 133.5630733195078
-51.150427271259176 133.6569008034545
-51.9014440202996 133.47398797442943
-52.24992231438249 133.1633263580325
-52.59950012034688 132.93413220333667
-52.765152401298046 132.52506271183088
-52.685603965907966 132.08512873434933
-52.4723801937311 131.91630454285342
-52.570578988642744 131.50683380641175
-52.58269909135194 131.5219700246036
-52.41213351849688 131.11864477439306
-52.61672139228897 131.17145863451236
-52.63865290108462 131.43141493390826
-51.368090120372756 131.24724138851295
-50.93191268047966 130.98161328256427
-51.20535138655745 131.50335419016372
-51.495697616157756 131.77857345089825
-51.10634234858873 130.85836998195518
-49.96115344567849 130.7591026914537
-49.488698848269784 130.368065407412
-49.45783450369 130.4584056364247
-49.316640983689126 130.9204137748362
-51.15109015543321 132.60489533408204
-50.87083590174373 132.342664265337
-51.159231886347456 132.321386599333
-51.28195586085294 133.03191702866724
-52.74836419940399 133.5065859622284
-51.11984101582641 132.0825914993556
-51.65497852056833 133.33512268437542
-52.24557333975979 133.33557923419937
-54.161274993156 135.37945175765338
-53.5243970064938 134.76458328606927
-54.31367168969759 135.57265171340063
-55.22108913233925 135.5319186780184
-55.96112991618149 136.33034291819862
-58.01691400602483 138.62889547984852
-57.21676158150474 138.15592974580835
-58.81550983367897 138.44401274234204
-59.324798649840574 139.4024619909864
-59.69050904046398 139.28521273629275
-61.12568962955642 140.68416976833427
-63.678119428485694 142.7897916406755
-66.04387389604335 141.73131569070904
-66.4494398098856 143.11734482058554
-68.07203157921369 143.4257505228973
-70.36791651133305 142.66626372443764
-71.97212757906804 143.56244764874398
-74.95376898853654 146.0655467680058
-74.15809243937653 145.59176079918564
-75.24842341186107 146.30662443210866
-76.62029133297733 147.11697604894792
-78.11615155646452 147.83875264724642
-79.72544470814483 148.12154624289974
-81.23790742282559 148.23674261191542
-82.18539655311764 148.76516835858462
-82.65944782294218 148.15388379108157
-83.57138219146285 148.63328906425923
-83.98107339558281 147.7028586412602
-83.69164046420101 147.09786589905264
-84.3757416158972 146.8437022364769
-85.34747947430371 146.69790109040838
-87.46138105422975 147.12930818116072
-87.69463861361402 145.58149484219985
-85.5616250163308 142.63917013978812
-87.4991916323027 142.22187440633084
-87.3653510164718 140.7439576070061
-84.74174790203347 138.98984310883742
-85.8882165156129 138.09335284582247
-84.88287289546696 136.98523925515903
-83.00776969730944 135.65917879533438
-79.32752836036894 134.29479857291298
-78.58586835942654 132.96487267478028
-77.63071851635723 130.44207372581894
-75.79145422330292 128.34931009074876
-74.91564376389967 125.97098326087932
-70.47363750687887 122.05969193050456
-69.9268265875374 118.85725934266043
-67.92835831418253 116.39099211239552
-66.7550616373001 114.1871458411623
-65.50057772900557 110.82215757757238
-63.327766379851006 108.08747123999707
-62.60664208244819 104.40048921971885
-61.92214835558403 102.18217298845417
-61.07115529796612 99.12409831051497
-60.435995400707384 97.26731826985488
-59.56112224837309 94.63551649895446
-59.03654820114324 92.62155450836259
-58.97400704611356 90.5172165986503
-57.611098020354376 85.67821322702993
-57.95229924680016 83.56495279183822
-58.186375203243365 81.15699147058068
-58.00850217290552 78.60853138851948
-58.50720822738803 75.92161523618371
-59.12705600403851 73.54732389076219
-59.37909937671542 70.2073269702762
-59.6030736456786 67.01859594020084
-60.36961129765259 65.66819292572123
-60.832257958002124 64.68110547750038
-62.82565709596091 64.75515548949673
-63.13678892804511 65.99104053973412
-63.34115508582969 65.25531578244903
-63.51256789108978 67.07901818147883
-64.08404711350364 71.74812072136078
-63.39434331176282 76.04426858017169
-64.44518155432186 77.77446628803557
-64.40159228601766 82.23271945862474
-64.6935706623397 87.85419404620608
-65.18800247521978 93.91699281687266
-64.79238360076887 96.97365621923531
-64.97534203929742 106.93469422083344
-64.01977840029645 111.03674890859199
-64.63488520214725 112.28496060519143
-65.35337058553947 115.96064734329967
-63.28441462405637 119.52793233046663
-64.2756558452429 121.14316692469505
-63.972514293286984 121.8902963846254
-64.76471975434595 122.92681277660127
-64.06367068721113 124.17269260542439
-62.53467826939832 122.31126157377163
-61.7848751221143 122.27422328843296
-60.73947056360734 122.55158357886235
-58.8942205757649 123.07898915440771
-58.192000710258654 123.002689531809
-56.14412981822053 123.53519313387164
-54.828893400755206 120.46024977268577
-53.388940328918245 119.88527650539663
-51.445563127717044 120.85053905887304
-50.192565470238016 121.29737710438444
-47.801199422664325 122.43880815013851
-45.770167694002375 125.28403613407964
-45.34352526424522 123.47938901042204
-43.9146574809738 124.51829383531543
-42.11125792121411 123.64499839235776
-40.44672888903248 125.80672219983887
-38.32029331037324 127.82335605398826
-37.10024540157433 129.29634093750502
-34.177870076939115 133.01836628167456
-32.0584489166496 133.36277115014113
-30.884624216360855 132.99944651044154
-26.291977410144714 135.10963688042236
-25.584044323159763 134.77091957058636
-22.477734226043612 134.80901993759375
-22.327672101163635 132.36936075560178
-20.505099662489815 135.08717154624662
-18.622959016032496 134.65174244563488
-18.80975591691521 132.80762815939633
-16.83483897053941 131.86683058707288
-16.331858405048603 131.1716858363033
-15.910103789827488 130.35338045789018
-15.921749085076039 129.26103682032215
-15.721379377880362 128.82405606012404
-15.973124502685216 128.1376035099134
-17.02241896216275 126.93694157715825
-15.188599702538097 127.54817202017647
-14.898305707001366 126.95703836050708
-17.39642282174091 125.4966989037157
-17.06571113289739 125.243217816473
-14.61927071559019 125.75613355638993
-12.784763729555443 125.86291588318907
-11.448245155384605 125.79473300480359
-9.792590818675796 125.72188447728321
-7.538390874885523 126.64091942018868
-9.36415203558757 125.39678811217733
-11.0221482368234 123.85451635337958
-10.827377983750324 124.26216383198222
-9.988178048039394 126.36834853414638
-10.007976360893418 126.05718459568602
-9.385815472362303 124.826862083443
-8.429343112965519 125.80632315686944
-8.196587817941406 126.5728308757706
-8.759068889352774 127.78519247024202
-8.473735482884724 127.71453985321847
-9.050097085776063 127.98605258705649
-9.004321157131594 127.93451186891663
-8.433633160941469 129.35791667174084
-10.228968050165994 129.05932262580623
-10.486207459703182 129.6358343523254
-9.860280058235976 128.4875890724706
-10.793416284892917 127.7065878255354
-10.855737886671449 127.63809644238103
-11.383277042377689 129.04207802953803
-12.157444559835966 131.91530765383584
-12.295451406799707 133.4225191584276
-12.327636880259474 132.4412460102855
-12.46533378387315 131.78648540963133
-11.870648791898926 131.20197995000242
-11.98394295243266 130.4956124715905
-11.753941662025415 130.72313565610054
-11.532070202981656 130.38635379012914
-11.795341258588198 129.92585620689627
-12.393128833289163 129.39692492276762
-12.299567125626984 129.3750771995356
-11.545635128667444 128.68902336366784
-10.32042138854849 128.37088860795484
-10.37979143565202 127.6989217585118
-9.089476263868455 127.29754716697715
-8.768518015286134 126.66246489877318
-9.539261390902462 125.48563167169563
-8.545895475918629 125.389082040094
-9.17524462794747 125.08985636545859
-9.723952022468621 125.25486061808503
-10.008919237359317 125.20239105895118
-10.892046541207401 125.20389906661573
-11.572774879657892 125.13399993984457
-12.982898137889578 124.67468698483835
-13.867291185700184 124.51873704017989
-15.056250018406425 124.8838405414939
-15.987623149261196 126.1363469779528
-16.915598055379405 126.3555061216187
-17.513910968837422 126.11201714213819
-18.672556077868173 126.01146051302753
-18.906107649883985 126.83450279496321
-20.40445374228908 127.84874730991079
-21.09662893982849 128.98716278590007
-22.016617897966952 128.65642054061232
-23.177371689225417 128.97936284962333
-24.04629768115699 128.8195540219184
-25.63210905739599 128.3260629838457
-26.20277080672912 127.65145092709115
-27.262123693289887 126.41846373769326
-27.264038547495737 129.02819494354623
-28.05475930329402 128.99580637363
-29.199960029738836 129.85697456864233
-30.096392511375537 129.52929826733794
-30.97184993526033 130.96548156845017
-31.829616134965242 131.0231985355541
-32.20843401604114 131.91582090862596
-33.22300752325222 132.30800236966263
-33.649352735820784 132.6979173013831
-34.15360270886607 132.99379138320313
-34.3984972039052 133.2999748162718
-35.00154792376375 133.41428522864877
-35.160837240944375 133.40368199565032
-35.399673895254 133.47209180291168
-35.624214956189626 133.4334030296863
-35.776776402908276 133.35186743406118
-35.90215352343065 133.43621134916233
-35.79493924282514 133.54622144235395
-38.00170714998955 128.40648830003462
-38.91904975281908 129.14581413193156
-38.33770273208301 130.31508786560659
-39.253169529979566 131.51499286882748
-38.86852115515478 131.1016609235232
-38.95388342961025 131.6473859137884
-38.98198623478152 131.9592439353256
-38.55744446322532 132.1520117650315
-38.88374035060206 132.69346369014852
-38.9750328871598 132.84887201313694
-38.967503253811344 132.55255751079912
-38.565423379350335 131.96392667284758
-37.525508166432644 131.50441952789214
-37.699423512959704 130.23457260733477
-37.674774021692244 130.14130320929246
-37.48002886385004 129.11716463489512
-36.7851235663106 128.80475743518767
-36.78696486245551 128.27759662660003
-36.615428239166654 127.97690797755153
-36.32256387249552 127.13489867742692
-36.38629644341492 124.5034429730313
-35.76498035605354 124.16763100046317
-35.140187688823076 124.12287895149085
-34.24160149281952 122.77038791448653
-33.1926847522828 120.93545852566015
-32.36885321514673 119.37233441191387
-32.02348179054138 118.10806991706669
-30.668724767163734 116.71479263822707
-31.070490639527463 116.29856899839841
-30.82698230246333 115.73520118780006
-30.228577333176197 114.90188319129707
-29.48614765628767 113.92573611417127
-29.19360187255231 113.43163078660248
-28.36542267865558 112.81868624720231
-27.9644472054923 112.84561210522045
-26.845770760175004 112.24823967053688
-26.7722750589366 111.79429729239783
-26.59832470207676 112.05897509851319
-27.275328973621658 112.51823629521374
-27.601736539432167 112.6844071157376
-27.622014345289553 113.00675398567452
-26.868614331809145 112.45983649366106
-27.14701081515757 112.91320013803157
-27.777659963047746 113.11272007752106
-27.67745075416847 113.32996124826009
-28.59617743040975 114.11091030897182
-29.72102619515209 114.20506438212712
-30.610407871539355 114.94050751854279
-31.444472898618727 115.71058667537616
-31.90235677071324 116.29817845115673
-32.26933523772321 116.24011159406867
-32.890443885362394 116.91071646710145
-33.13888771917858 117.16752419550649
-33.35772294619191 117.90259075554611
-34.18065696723613 118.59215628611481
-34.96677918203943 119.05111365789992
-34.74496203702948 119.67447112863111
-35.74511666231008 119.51556796777338
-36.66258263495615 119.76341668696023
-38.06880768505649 119.93981772749336
-38.338959532918544 120.58696411206269
-39.161910644856384 121.06395929748088
-39.98628641672409 124.0079181411459
-39.8746708489166 124.43819351085217
-40.27541374101052 124.0002460742178
-40.81516817914202 122.71617881974238
-39.99256340037081 122.4141384283578
-39.76927272709973 122.64520217701873
-40.3188909890425 122.22443814506394
-39.720252316570395 121.66641571565422
-40.08416849458193 121.28999434176086
-40.06771774958208 121.30065897138707
-39.29531384560909 121.56349433541133
-38.24381942484072 122.038693423154
-38.66477364635306 121.71074618102168
-38.53237372653457 121.63048362464086
-38.075051831793274 121.61020489155925
-37.895515905619014 122.07795552741116
-38.671579621428855 122.90240537737617
-38.84253717403428 123.8690927050842
-37.819727770275726 124.64908861263324
-37.67940972094624 125.52829386446882
-36.444849679559155 126.11073867378416
-35.132068564505445 126.28681906612574
-34.38907979720647 125.31375054406195
-33.35157197200754 125.59288007658466
-32.99388082383145 125.67815077173485
-31.758230306815175 125.05847234679676
-31.756828405654193 124.84494410814666
-31.63920216910516 124.45619908963289
-31.25226494700392 124.67848315580304
-30.618992532036955 124.18763702545367
-30.392379978086357 124.47952763673054
-29.425957562074714 124.36123938655311
-28.90553636365149 124.59837918069275
-28.62550293126031 124.84294016585447
-28.050999006204183 124.96621133020487
-27.785410512476272 124.85528089146595
-27.703670292326834 124.83034635897364
-27.672297007943563 124.61710414831599
-27.39596409050382 124.51464058490254
-27.462586341213385 124.428590244078
-27.197373970903193 124.35784658908501
-27.705270803641195 124.00041375873141
-27.15935767011577 124.13522172526449
-27.26132455450613 124.03791680897122
-27.151021591102115 123.93695116629968
-26.97626503997367 123.31856515443314
-27.062476388839592 122.79580187376624
-26.880306902071286 122.94973711692352
-26.40969311192656 123.11146848607824
-26.918181860875553 123.12089108246748
-27.20485026502581 123.03863531912329
-27.243110983873784 122.9940888753443
-27.654437481569754 122.74482772897733
-29.246007188093614 122.35313593020122
-29.83930487180369 122.43588256040685
-31.354090391924654 122.48122447797031
-32.986540185578235 122.55756207700843
-34.681133313888694 122.83884102549007
-35.94676982247834 123.28164253224428
-37.10259800810853 123.60834062276683
-38.51160977140686 124.04823938298638
-39.94400037216636 124.6386129241423
-40.75465602218737 125.19860818215463
-42.048571657143675 126.25354485760919
-43.227517135432436 127.06967339949766
-44.62690273012717 127.60966828788342
-46.02915167275037 127.96451100072576
-47.52971961680449 128.6831910330888
-48.85030546041963 129.41997494836932
-50.81391596238788 131.17706942039766
-52.79819793327808 131.99710572920904
-53.07280151602677 132.19244643393637
-55.30150305615821 134.14493498578284
-56.93954495365156 135.2194126599758
-59.08876917225039 135.97606704948598
-59.39797667178365 136.5931167007283
-61.520587954089855 137.52179632911935
-63.14757594779946 138.5641679125537
-64.25889231849615 138.61467459634895
-66.51201999009066 140.22514565328413
-67.74708512088881 140.74633777087237
-69.51368704688687 141.76539625674877
-70.42926006271918 141.72713977699408
-72.18583967978232 142.51407271425848
-73.48933229978425 143.64245275329108
-74.8058846733748 145.03417832298652
-75.84464233551378 145.48994784197404
-76.51679583925035 145.25137355144716
-77.65359162659847 146.67254286677746
-78.35952773615398 146.1819634153664
-79.47081909182525 147.07900197052106
-80.56582924173043 146.37880741632296
-82.93198802945237 145.62762596418173
-83.48101193209197 144.94807900880429
-84.89949034611226 145.82158561151593
-85.5300304846254 145.04819384630076
-86.64249297512819 144.78798577339347
-87.87721577501898 144.88860609530593
-88.96915488253441 145.46106068665645
-90.84430720248841 146.53521341443997
-92.12945389716522 146.91612975663512
-93.44683366621372 147.6684039844408
-94.50651827082805 146.94177096305887
-95.92403002874391 147.2054527980819
-96.72832897171921 146.40034907109342
-98.32195723982942 147.60704991688493
-100.14446602025825 149.29723982400947
-100.0309893656463 146.51578145763148
-101.27210069185048 144.74970559073054
-102.1071081756443 146.30288093934863
-103.96852910735862 149.00759632228147
-104.8012472414237 150.08297517617012
-105.39186472688549 151.8123328361834
-106.12046389721566 153.72316672612965
-106.24448381927942 153.70346582686665
-106.16648112439569 153.6608160327488
-106.39972301196524 156.24867547857724
-105.77230400163384 155.27465484429325
-104.26910447915407 152.38289192481878
-103.85695693939225 150.74445837570374
-103.73604116240406 150.49953756073748
-101.71532772486019 145.2915162598094
-101.09362731728606 144.0727971515157
-99.5108656491169 140.90754879204044
-98.71250187637744 137.90235982111506
-97.34072662717055 134.47609289212187
-96.61042076502486 132.1049641867412
-95.39338138209862 128.1438010272358
-94.02821652408919 124.41767550913524
-94.35154087527776 124.60539148001016
-93.60186634025243 125.07175238549657
-92.68349635633032 123.81905762260315
-91.96622838232118 119.27856411835575
-92.23680471635936 120.92944473512947
-90.0248008764578 116.4720523951077
-89.46314251389734 113.77467272588638
-87.7612652014035 111.1788438454606
-87.45849713791802 110.34703050612393
-86.74782050884949 109.10213011425637
-86.5980296328383 108.41499129680028
-86.97743421544278 108.85626311287379
-86.92718046601365 108.26084854270786
-86.70649601105787 107.57706365014351
-85.86062944479347 106.28633139294908
-85.75638294348241 107.03021017671374
-86.42455945868765 105.33456345562345
-86.6167631113622 105.42589997581938
-86.9029871070497 110.4931691885358
-87.9517748969287 113.34310838192627
-87.55219669575762 112.40807417775555
-88.22185075249475 114.73138819259307
-88.26813706221691 115.8555746004391
-88.05286765581808 113.89762006178695
-88.26172483151178 113.64808660364399
-88.2285669188278 114.1090413680554
-87.32478759485514 112.55635949642237
-87.78963949498956 113.87931227775351
-88.18798177974256 114.64094725843512
-90.62459423011782 121.57577407491013
-90.30505237749873 122.18708023291111
-90.22567549732683 122.31091329868228
-90.24764459506929 124.09719033743131
-91.15590412017401 125.92953926837154
-90.9433044142787 127.57623094307336
-90.6303064314361 129.12570407583908
-92.58327005971199 135.26404415107515
-93.23993558471052 138.16228242416082
-94.21657139834548 143.0745665385151
-92.28241258071189 138.57691140803223
-94.23270553221029 140.97783870796428
-95.70835439835922 144.0325560688176
-97.3932498428467 146.61706936841904
-97.40617485734413 147.41614950542598
-96.5589367882095 143.17844580835612
-98.5757750588199 143.97628170843745
-99.43760783047136 140.73872544580323
-102.36731648426435 139.77456954420077
-102.49578165856775 132.72073441726576
-107.1241391191094 134.744948698427
-106.33656103242367 125.32619023089718
-107.95709300016965 123.4652907103605
-110.89634208011998 124.87010588810114
-110.62032791574525 123.07450319646888
-115.79076013566717 134.742979403558
-116.04671168025546 134.87245205594922
-119.13872485404896 143.7874131217871
-122.66804149746356 153.158713045757
-120.05257358354429 147.5094040407258
-118.64631086299224 144.97705896431873
-122.46075971424938 153.28403730114084
-121.56124361229428 151.50931498899638
-118.72382576607927 143.76887209994047
-118.5383411942183 141.3652419840291
-120.2366697353809 144.14728971209593
-129.4951465271084 164.68146655311054
-123.51388167485511 149.28747251109135
-123.43206532737048 149.6599665322362
-126.93440045535466 157.2825161759241
-125.85708622333092 153.6959889981114
-120.91249967948784 142.44507905764254
-128.21426505324905 158.51769667750824
-124.27464349491422 149.91209248502875
-113.06185490456137 122.68194565208236
-118.851694668467 136.35013980446124
-148.0221138034379 207.2239909489232
-150.98509860174926 214.85593327318753
-131.0980380327624 169.3717611584215
-130.0643068393166 171.0088777410983
-128.3953090730705 168.2635583517684
-126.57089123014745 164.36144517727945
-136.61587878113 191.7757520506742
-136.61521340047264 195.95328202746737
-135.68498657050714 197.74509674446682
-133.46872780297446 197.93984629666005
-136.21109825606334 206.23797280741263
-136.06797458027634 212.2257910098854
-141.50824079763956 228.2506008501669
-141.23921714375913 231.35845697651592
-144.3273030179654 240.64489255481325
-148.32078976135494 252.4461556886782
-150.8398999142259 260.8251001626644
-151.16348581492744 262.87564535519135
-153.26149257048758 270.1541753218276
-154.18910619353983 274.95610906058755
-153.42424336804845 275.1005727847742
-153.8153422523191 277.5120631164059
-154.35942671542978 279.79416282683223
-154.61092288175976 281.2397993477776
-154.30754589642027 281.8714773704553
-153.6808797880775 279.8107459269225
-153.37661512437614 279.099567957138
-154.1341396398802 280.6692981430257
-154.89647560058415 280.64529699815176
-155.28480576547162 280.21495426871047
-155.66372146959094 280.7263697145194
-156.15131973713233 280.9784907358197
-155.64175842734613 279.86588457553864
-156.2561200389027 280.98090099252164
-155.24958569321495 279.8837846611972
-155.35166934689533 280.0300866534274
-154.71080441449757 279.16650605163926
-152.97097850357838 277.15685733118426
-152.52411273052903 277.64904215549114
-150.65077315195123 275.1494714595014
-148.69800407212645 270.4294938218406
-145.86441459494125 271.0469591824267
-144.13989360231722 271.10777996408666
-144.60239955951255 273.91811028975053
-143.25005894066254 271.5271075173178
-141.73297664890438 273.46713893809385
-140.32150883149745 272.2836622343813
-139.11629499907497 271.26589912844173
-137.3814370337012 269.94653606871435
-137.21095911535124 268.41791434976506
-136.90225688568816 265.99402098945467
-134.62045178653008 264.49352539965696
-133.5363707782797 262.8586644304709
-132.2785563069313 262.13538204077247
-131.88447149161033 265.70713400560226
-131.35271778164457 266.97883898780356
-132.40269959187822 270.60039820361294
-136.41018015554093 281.8406210046374
-135.2179709560743 280.68005490776045
-136.2793084987463 285.31898278945926
-141.46152544715645 298.02594283967306
-142.81109214533828 302.2842679234051
-150.0571584180089 319.701697898729
-149.65121185358944 318.5198079311186
-154.40257692975266 329.2343470032816
-153.17463828684103 327.7885498178945
-156.63528117103152 335.1421960885457
-156.80533428247807 335.2021628012379
-156.9710551911291 335.6888837703
-155.79866153508962 333.9827678170694
-157.39266645184716 337.4039769796372
-156.4775122668736 334.70640634674504
-157.3392264733538 337.39770228659677
-157.08619926046535 337.31415016732586
-157.87695170391467 338.22019628952114
-156.53750726344882 335.7199264886181
-155.45696347476414 333.40391097576327
-153.58705390721846 329.2273192705624
-154.36317644700412 331.3509063273839
-154.13468126614538 327.97638826743713
-152.65705981027975 326.94139637831313
-152.92312088669445 328.93905275805713
-150.76372978898235 323.067066188472
-150.18485408718277 321.0705887383731
-149.7349075911534 319.7531738491997
-147.66794331070912 314.44918398991507
-146.6379101580794 312.11622166341834
-143.8491076558841 304.6957849194336
-142.12801485212438 300.20699800636453
-138.67006193660532 291.6195466161048
-139.72534474244452 294.65126134023893
-138.52018496398773 292.0282340352711
-135.57466556751183 285.570156763532
-125.77491344637865 262.90665161784045
-100.66588475834826 205.32767302355077
-119.08255039837155 247.242908054143
-131.0641641852636 276.3379927988529
-131.43768028727527 277.6418506208216
-121.56098921174642 255.9353346924616
-117.18604689796477 246.53261674210458
-114.84458970201861 240.46669561338618
-113.28915262390419 236.58452852724673
-112.35116847401298 234.14569113568817
-110.92333485322737 230.84565510294942
-110.53559778155592 229.55152606727154
-110.77556539184323 229.74528842688213
-110.28883529064944 228.3532067846927
-104.96261524333923 215.72515886764793
-105.20316096400737 216.4952047268953
-104.3284876643901 214.32587285794938
-102.54468042588465 210.18287558119113
-102.3530460877257 209.65539554922884
-101.83197758984709 207.29086038663252
-101.21071261416071 204.74974073626427
-101.11931505967009 204.30144853123164
-99.97711382414111 201.0075849859489
-99.42382813733349 199.2667752134408
-99.77598537329642 199.9408008405856
-99.68571646670928 199.40081478016648
-100.08597298667182 200.37236798088807
-100.26526959816725 200.44242692799446
-99.73639263257833 198.72084270004734
-99.2890598273561 198.09864582054897
-99.51710394778394 198.76162392276564
-100.49999985165398 200.06119162197353
-98.9734492550957 196.73050188875257
-100.51436343837305 200.02157560918403
-101.16886714491814 201.20258765104722
-99.90727642910521 198.2515670137036
-100.27405632163412 199.4210042100271
-99.7390425273933 198.147601785679
-100.99228510642604 201.6145824263277
-102.57959450923963 204.7999438553842
-100.72684536015541 200.82654541439513
-101.67786783264157 203.1421428900472
-102.85205961338711 206.31038589067037
-102.99007045243138 206.1430862188115
-102.60707097318996 205.29536235541497
-103.70537420917769 206.80125608687771
-101.63082681904065 202.59204703569748
-101.85277457439774 202.43659856731344
-103.9893585259543 206.6839881969285
-104.39762114460932 207.58129827269252
-99.69004343376159 196.49380314624293
-102.4600624418079 204.02565852763203
-101.0858581381433 201.33217809472032
-99.56557093289737 196.9289300061336
-97.40602069974271 191.74511277921957
-101.72277281029173 200.39959431972505
-101.0367961098466 198.81333270034187
-102.62305128247907 202.25130973346185
-102.5201666510054 203.1636399898809
-100.07440143097713 197.17468626386568
-99.96217203513085 197.0990377935553
-101.53868802448024 200.09164500954188
-101.55908131481964 200.52318229496237
-102.36144857370753 202.3710191753703
-101.21664689362224 199.76026953039775
-98.32416868177604 192.17357004268268
-98.06111776397366 191.17877240502546
-101.98869714649697 201.60297739952185
-100.31098858288685 198.03436277651977
-102.188023930573 201.32699216586005
-101.69319370288106 200.6723535858333
-101.93234079119614 200.61704117555675
-101.17080901123364 198.01900585529881
-101.9182836438143 199.7212823677907
-100.58840522140542 196.4401115201665
-100.24773781961187 196.22844539769997
-103.59923360805034 202.32312907947255
-101.20300107891043 198.00223478608106
-105.30050478974884 208.63358721787844
-108.87079976388341 215.8831498559939
-101.78785450961894 198.56138755802675
-111.01482510077659 222.14103466058629
-103.73077980358933 204.27732604006692
-102.18350693957271 199.58410535425736
-116.29523371992609 234.10246779374546
-123.11760281033646 249.89297442507737
-128.21154903199408 262.5403461367258
-105.69031832192596 208.7375617701992
-108.98076730462142 217.09652717462762
-106.73360619563108 212.05199036101092
-113.11571068113571 227.11291662180372
-117.62392492728044 237.87986479665182
-115.84998385014057 233.6771140329752
-117.79773182936309 238.33333373725634
-116.70563348268958 235.68522909142234
-116.8730979565551 236.61969218002056
-117.14136632692866 236.9152557862179
-118.85668235283491 241.2458142901729
-121.16423522067173 247.5258737402069
-123.11021808796059 250.70383978186314
-126.59579837943629 255.85715979855883
-127.73727704335595 258.71126657584887
-127.9354512392613 257.988605130871
-127.97005543015 258.0550028974207
-127.15864320469198 257.4565513542041
-124.83749668736355 252.1269494225659
-121.19824265237015 243.66097235345978
-120.0243345225527 240.69208515307258
-128.1049785354611 258.3662960744723
-129.4827146942594 259.5546087477861
-129.1616252882698 257.6607982268844
-131.5230236524846 262.8332703420623
-131.28148616352667 260.43712999801784
-132.42897322546096 262.2859967882873
-133.8114043798195 264.18337471398036
-133.92709329726898 263.42014767806455
-133.56827460346636 261.74278137690635
-135.09226122840312 264.5379647218841
-135.5458136287212 263.7392887069525
-135.99003279385715 263.7233743125733
-135.6797438587682 261.6137942101755
-135.73877260053254 260.412616269869
-136.57939623567404 261.1172452334534
-136.75454927557507 260.10061813364706
-137.1418627878585 259.9786428776945
-138.94902553905 263.28709330506126
-138.5155428520127 261.958033623383
-138.9691050934757 263.7589723894061
-139.63175132307018 265.58833879155674
-140.58325114200062 267.62513691700485
-142.6657195986631 273.97110094947925
-143.6176097113486 276.3350397112695
-143.54058036833734 273.8077221967918
-144.68804622219028 277.9449162086406
-146.8956698348087 281.7828723619685
-147.0448909596229 281.6799381252311
-146.95688829118768 281.5140791966096
-148.01712490274153 282.8783762670338
-147.2071623021775 282.26159203680714
-147.23458212496305 283.5983873304635
-151.66146953667004 286.2816697017679
-147.67299206802954 287.57307002866634
-148.2944679979548 286.6329732650098
-147.1503665844761 290.96752301455825
-148.6161374968677 294.7259464078512
-149.54675538137047 296.68543976801993
-149.8358038522758 299.11958805677716
-152.0536167598409 303.58560811094947
-149.92139135517954 306.44737694052105
-151.2923163819002 311.0268432704643
-152.86131434646163 316.02805845914895
-151.9357325446516 321.2366524313353
-159.93117968606362 324.77927185160775
-155.0728028039611 333.1450857902426
-164.3118885872775 338.83600920975346
-167.6378454701293 347.9306651206488
-168.19717924411944 350.9087485169051
-169.7299637013619 351.6875601611821
-174.71651125450668 362.9503821555808
-205.08602377838196 348.3092657277532
-191.47098668157864 396.5934728009506
-207.38507625071625 355.7519584625656
-205.08837074137537 354.1347498617723
-206.62680815505084 355.13857380538093
-201.80677730198252 359.90012542378327
-200.6646653372322 363.03766033633934
-198.9934344068762 361.01581751216935
-198.0939786903004 364.42281692731456
-197.4739918151636 365.81319297813894
-194.354026315467 362.4309423841962
-193.13262523677002 364.10111154946316
-191.88276353960535 362.57439902052727
-190.0193859051361 364.42434925435305
-189.09341186665668 359.0859124588042
-184.43646020499102 354.97053405699796
-181.80554998418515 352.45243696259814
-176.50129233962383 346.27460360587924
-173.60855011069094 339.3493524644881
-170.9574688526512 331.5144760584589
-168.38188688299564 324.2283923906315
-166.37163511286653 317.4226611752351
-164.88964960727043 311.2554769005673
-163.77440275048366 307.9077489837909
-162.28907871844393 303.4343438972498
-161.58383443697744 301.01994770388166
-159.46650039148187 298.23959347205516
-155.56111052007574 301.97493002288763
-156.2360856129205 297.96390052588265
-159.85051181702042 296.33927314841463
-160.07668176933424 297.4477693810259
-159.73486478157687 297.9996457096258
-159.2422226595969 298.40165089119665
-158.6286318240279 299.92117938158583
-160.02224058891167 309.5461477191405
-159.14085125246038 310.848368020648
-158.65016205753622 306.47615871855237
-158.07322968915926 305.78398791438195
-157.85135109151054 306.2753602570912
-157.0642955916314 304.4535447966318
-155.41260878580252 302.727758391302
-154.18217077288963 302.03819030139533
-154.02317298963018 301.787731259625
-153.70531182331368 300.99198705958287
-152.80619512246244 297.47773184575715
-151.31651010558002 294.29972133527355
-150.7529148019676 292.0390698144726
-150.5186749632065 292.17259704472434
-149.56009112037532 290.52531632529
-151.00992520464322 293.3230764820681
-150.2171178767216 289.45653554169513
-149.14018852943346 284.88977580679443
-147.73203708520666 282.2136334314344
-146.36254115516542 279.03718136693067
-145.70307390914525 277.0722311949069
-144.65012417077892 276.1923535463266
-144.62392106269414 274.86162052611786
-144.2182972444759 274.2321781619995
-143.8095328317722 270.50295939745064
-143.3709559740016 266.4179811597146
-142.84593150901085 264.7386242379794
-142.510033473747 263.6784615294513
-143.033863633374 262.27319147888244
-144.55729330897725 263.7788468653413
-145.48414103756247 264.38878776802443
-146.06229799501375 265.54197468188516
-146.1495624308496 265.9919393133706
-146.41930213766796 265.19643435287327
-146.84097674037247 266.5302163621516
-148.12096773121212 269.14828772210376
-147.8561835817452 269.3791509663856
-149.06222626024947 272.23072476482713
-149.68645869600596 273.55157598374024
-150.24914714677416 274.31136937781747
-150.70739112323338 274.4016747154993
-151.12301888078176 276.0312614336565
-151.86000834898852 277.80594012308796
-153.08707370954832 282.2523086070117
-153.2855329029827 285.87122690777306
-153.60586847374205 289.8962475283413
-155.2991087297847 297.58282612319357
-156.0746261042102 303.69585758496254
-158.1226627413432 312.2538046901875
-160.3561033028874 321.6344245774684
-162.45626147578528 330.6525480799682
-165.66205532264212 342.0200749266115
-168.51877320925146 350.90351520466936
-171.40602088915608 360.23986161110753
-174.62596142464162 371.76797791271497
-177.07827254545202 380.5051035224469
-178.42624282213677 386.8660206733214
-180.6732805890862 394.32687873806293
-180.08351357574406 396.4546706845266
-181.60004640854834 402.4889683680144
-182.81452185105363 409.2273779190762
-182.90743611618345 412.7969900975835
-183.69576669795435 415.986248493148
-186.79776854959056 425.2656383257251
-187.26078541649193 427.5335477025989
-186.71344082974164 426.17354690123574
-187.01543700066802 426.4513807999577
-186.4123810707336 424.3091602225407
-188.3511081770387 428.6877857807451
-185.74525470289433 421.37198709753204
-187.06505910233392 424.6023901994241
-187.83153938899227 424.3115939852241
-188.1504177303168 423.5207923991666
-188.3550846384625 423.3826127899112
-187.606348522653 420.9856951313879
-188.98364480100759 423.4433783144502
-189.73496759074231 424.13568281649475
-186.4240828819435 416.63832447957776
-188.41995029095915 420.1960764962699
-189.68285463232274 422.3747278322896
-192.06365730390155 423.6034735850098
-191.99416149864422 419.62388490214863
-194.41363941139878 419.4805650685122
-194.6174832041337 415.18671905197516
-194.8615428890531 409.5241557949502
-192.17146791499425 395.7535101781121
-188.63253094620123 380.015285309213
-186.09755143186777 368.320934741589
-183.37907643452633 355.3493561202771
-180.08612832137973 345.6544555631392
-177.82379671987115 340.3184769289435
-176.58977734820465 333.63627176976615
-175.27922022032178 329.952148147742
-173.97028600216572 323.9191104994362
-170.34674064977253 318.4496294344722
-168.639243581254 312.91458775310474
-169.11076547571187 307.6825560558067
-165.92304545710675 302.8750264108002
-164.36133393561667 295.49857541019617
-163.60264325191758 294.6144299839453
-160.8215549381594 289.4183943752985
-160.393049070732 286.0562573584281
-159.12749931823632 282.2942609427705
-158.65151605234607 278.2204492636022
-156.87956421096388 277.1584477920042
-156.30924112067345 273.59366059984865
-154.55901222107582 271.51823936867504
-151.11405304026945 270.0791225377501
-142.58338604761602 270.83033060941614
-137.83531604097212 269.92862293450247
-192.81355052125983 239.7002713017903
-189.04834731887087 238.9827461013741
-182.93738859158404 234.97628368492593
-178.52197720569666 228.8309474461584
-174.42171696804556 226.48915461595737
-172.92139314879387 221.0512364537678
-170.8045524654038 213.10644075011766
-168.07984431946582 213.30790534843314
-168.88873336820566 206.3472606800447
-168.2396262959228 203.62443020406002
-170.40328275541222 203.1097657817803
-169.96999670169 202.114053668019
-168.9355656896158 197.2576594824681
-169.37979933068976 197.46649145197972
-168.60436991494254 199.9144786035384
-168.10486141733824 202.65901238625085
-168.7490114583745 206.07743158244065
-168.16368247016953 208.72401863253387
-172.89663803735985 207.2230153185742
-166.65207443183294 219.1944570418586
-156.11134080898162 225.33479645815956
-146.86111603995207 231.58309306046675
-143.3163867305598 232.9829436347945
-140.6732329949411 232.58092801571476
-140.40654153039168 236.42093994818842
-137.70058399599492 229.7553086103793
-136.87183990264262 236.6224273482151
-135.1253161839545 241.37356203467274
-133.0534181819043 243.2572299768601
-133.23942589133 249.71337505914386
-133.57301936094936 261.31528837426293
-133.88455646880388 273.2942554414144
-135.19975928767573 284.2543700967109
-135.1625991569631 289.1085952278358
-135.96932326331083 300.51860305090406
-127.64412357747413 290.9186611659197
-127.12542906687473 296.914171189173
-120.69351927783207 293.07392138582753
-121.61178457684667 302.3242768887279
-163.87328660396594 313.10420509796074
-159.54773854788007 309.1400359484359
-156.58450951820592 305.4520894475863
-156.707908125801 308.31423012663845
-155.38160194762764 305.6615307108652
-155.1693280807367 306.5917526344087
-153.19096991252496 301.02725271042425
-153.58973951505823 300.91125039640286
-154.10505532945012 300.7146771830736
-153.5239675228272 296.4046565695204
-153.60126640822628 293.25492280521445
-153.79737267990865 288.66099876219084
-155.50055195704712 286.56820786595813
-110.89641116844905 270.21076557872505
-113.93371099038382 267.5038710097281
-117.00731540274266 260.35905622730144
-117.91060579347588 251.42032953092883
-118.50052869178458 240.16830561571712
-119.1782220946654 230.08560429884503
-119.24214798382222 222.46338024342583
-119.27744242758362 215.24860730952003
-119.19551728631288 209.47446153150517
-118.28975819205093 203.04584387229096
-121.76145535656038 207.5329100178228
-122.72270669505204 206.05154856968056
-122.01587213302128 202.35210242451785
-120.68970275159684 198.1645366176596
-117.39774101749812 190.61630410961394
-115.30485518013394 183.94004184711935
-107.46016784380201 167.3668122382653
-108.23629116839554 167.49655182830745
-105.25899863935487 160.16846777398158
-105.52315490509412 161.28839945225624
-100.97144389382414 150.13124811965395
-103.13121288216246 154.96408325846303
-103.25513377047704 155.37291150922977
-99.36738837324312 146.49686640946916
-101.23354989725323 149.84044402722787
-98.45983995197666 144.1503230558766
-99.59642041575529 148.06753999996414
-100.81722285260955 151.52592511100892
-99.59236897855628 150.97753984427405
-99.69398824438089 154.87532473208663
-98.06757728974073 151.77242633717745
-97.05847097739307 150.1110041731818
-99.12587628019133 155.07841094264674
-98.80449766679628 154.3333613488529
-97.93747834116397 152.6836561099392
-98.51078732690272 152.4138354129937
-98.76041348876022 149.93691473370134
-99.2640607480761 148.35618160192703
-99.29743630077225 148.5570638316536
-98.09961316443727 145.21769049761997
-96.52090454142756 142.58217116833669
-96.51151415829783 140.35600116818566
-97.59558133711148 142.21684197483302
-99.2398304575681 145.82613951219622
-98.91865769843393 143.74763656238258
-97.57095358623806 140.28874516837712
-100.11333332382844 144.20793356639894
-102.68635960933813 148.54429541037956
-103.11374497090928 149.7985655083336
-104.23054577078518 150.5000477252431
-107.62547101712909 156.61467247012484
-106.36967315416602 154.25120392438856
-106.87838079462192 154.8531670072728
-108.41645433112448 156.6098698469393
-109.05962664505104 156.30201113692348
-109.45632588467507 157.8750444126185
-111.10401651092965 160.4825886333344
-112.20622264568595 161.7088661318617
-111.48316924992258 159.70086248797665
-112.98742232514351 162.44934854820556
-115.82197531690186 166.41145703936957
-115.45608857778937 166.1241151139317
-116.23839738548062 166.93004876201525
-116.93568271979477 166.48789881517413
-116.12174514804762 163.9013760741966
-117.63805624572593 165.7009193106507
-119.35815214050518 168.17176077113612
