4.392419323889266 -2.6993102896722996
-8.245256134573767 21.29015856988502
-9.023086546687622 25.451482801488286
-10.24719406501319 29.53318366491907
-12.590445579383552 34.0288439053332
-14.503933603866837 38.80430428782261
-16.096769655891077 43.087125896037854
-18.333290640423055 47.415984173920364
-21.32880742744618 50.65312670182701
-24.592462130802332 52.137037640954595
-27.351794276775326 52.47346227389014
-30.18872114195947 52.25962376592889
-33.42098724731723 51.08790064437281
-37.176823560899344 49.11437938723798
-41.333245246008445 46.57720603179045
-46.170495793609255 43.419787942885684
-51.39013865941493 39.76908837670127
-57.27396855479087 35.52020863521412
-63.93582309717339 31.57837550545224
-70.78387615898549 27.39993839792966
-78.58834868954175 22.62697809683084
-86.0599852059237 18.05144565912753
-93.45886084139678 14.103850588290685
-101.66999688902044 9.592884262850593
-109.70545153099769 4.829659004183579
-118.21244991276376 1.0851572834017083
-127.02415017163484 -2.7638801254923555
-135.45720020738077 -6.621203639203001
-144.07823524978954 -10.623786816089286
-153.01067138234617 -14.848194467663369
-160.26699434356757 -19.54289103563546
-167.05190495952053 -23.90467198803438
-173.8970442737233 -28.497041499295257
-179.50684392355308 -31.212471122640014
-182.69255701697347 -33.204679111798015
-185.90394685669284 -34.41561627723602
-186.32340617535587 -35.035381877018835
-185.42412104959095 -34.03749141696202
-185.50963338577768 -31.643473414902193
-183.13683058647067 -29.22498758612385
-178.77318865585897 -27.963518881730757
-175.79747557458694 -22.22544028567288
-171.4502174886173 -10.714083135370199
-167.10150940345792 3.4251798169946595
-162.21337191426483 18.457552462750748
-156.1899958175539 34.67144196334929
-149.91693853704544 49.907094179176084
-141.98969323875448 65.12135478894773
-133.58128492377608 80.07970507731031
-124.59214570196849 94.62809044759692
-114.03395803768 107.34939825335539
-100.18583568082137 117.05886638064784
-84.7054373188764 122.17088896696265
-66.6850213717086 125.37228379090362
-46.726550393682764 126.29561734430887
-29.289713715300643 126.16894848870858
-18.800655846224306 126.06032950291542
-16.76060379980264 124.30643070549888
-17.45476141879794 120.70417081305223
-17.671416167211923 115.95450938029225
-16.580183252323703 110.17891688730703
-14.127495468333674 104.29938521662979
-11.632776426909182 96.92307690798448
-9.416635433742119 88.86335082602655
-7.446700651378451 80.71509482334871
-6.983802319329874 72.99894324002305
-7.335606237386426 65.4349309255245
-7.813065941700534 58.35542346736476
-8.038735835150364 51.54189164609425
-8.605449273682806 44.65287160125452
-9.891939406463333 37.92126439040848
-11.669340944035763 31.21432755424488
-13.01053558885793 26.272392275469137
-15.032028830216 22.817209585326804
-16.375206872669885 22.58711866414051
-17.72775597158655 24.482509035138918
-19.406520194931595 27.784692696489746
-21.77340554350096 32.45123439729743
-23.842703437074988 38.02852513417461
-25.424926426818466 44.23060983951902
-26.603529835916355 51.57181632298922
-27.52077402919526 60.34029371538264
-27.840343911453484 68.83164043191483
-27.980886888403656 78.15259725334712
-29.52572964534714 87.23857676890871
-31.93899416586409 94.02994287460773
-37.09761657927048 99.4974005209562
-43.940945713712004 102.77105180704982
-52.11975213100221 103.9057177839703
-61.523246209286064 103.77211332372015
-70.71401968140322 101.90339117417936
-77.21817014935046 96.67014144142685
-85.66668250108984 88.00559132862519
-99.64668226830565 77.48038874024252
-117.16933592611126 67.0406328643055
-127.43871544584805 59.48540638358499
-134.12187459261372 55.90680524019372
-139.38520074478393 54.93801109171761
-145.44664927614056 54.713603761481664
-150.64027246278752 55.42475202351764
-154.30865800064456 56.40514471544098
-157.23034067168572 57.82846919877633
-159.51564477292825 57.641515343740515
-160.8299530341138 56.14771883024913
-161.60636503953563 53.22805109852129
-161.0851585042222 49.803534218911174
-159.04271735406306 46.269986386591846
-155.84326974330006 42.89868707861767
-153.31383874753428 39.58989757605253
-150.53485192206952 36.83986597493661
-146.64019174607023 34.59165111715274
-143.03969067016237 32.32290503266607
-138.51038927049254 30.544211139968628
-133.973891484693 28.701612374494253
-128.17843406613736 26.692084871279654
-122.46494999880441 25.17133259025166
-117.10339624158594 23.637229104740364
-110.83768469729279 21.807916780207627
-104.45056595242599 19.902244537433337
-98.6802459136125 18.350793864621643
-92.5995006700861 17.056219858280226
-86.83227109902518 15.210266240522532
-81.02393890236839 14.302074081188238
-75.24093735140983 12.946906857876398
-70.33948767115353 11.85952361601898
-65.17370822542098 10.986866463315879
-60.546238531926086 10.381952376883152
-55.70750462191765 10.033031643611482
-51.57845049862551 9.242217841195869
-48.0481758203008 8.90855649543998
-44.8787640036308 8.978530643131702
-42.04879876890735 8.228383588040774
-39.45405119699741 7.989468618723224
-37.18804906038552 8.224757205792026
-35.601140441831426 8.302978313775677
-33.8186754041215 8.827513166570977
-31.934862772148644 9.178298590800145
-30.071283619022086 9.737108415557415
-28.18657476632935 10.36732711010005
-26.33968711584348 11.471630461717885
-24.08890543456543 13.011154823240565
-22.060275459426812 14.361949996833514
-19.753707844897338 16.34303827602075
-17.05180590216164 18.497498062280517
-15.139430367377765 20.85991783317877
-13.69041323237808 22.399608141687928
-12.146170622738655 23.577044838984545
-11.613638019447297 23.88512758108364
-13.12019126781979 23.442155482506752
-14.540403375366068 22.43088467640009
-15.010311349190756 21.5431147399907
-14.157245825293755 21.26905002358555
-12.4120226083442 21.37977995647776
-10.94124532403903 21.58738090971287
-10.598924483235821 21.187841885043284
-11.295496226879298 21.384803490101934
-13.832823067258275 22.2260450051625
-15.706246499270963 22.981655451696042
-16.932132812935656 24.350547048819642
-17.302936857474702 25.213961981227005
-17.665241123040758 26.115245517073543
-17.335003070656917 26.46951415983349
-16.6584036160082 27.38635470492832
-15.15293771718783 28.200594458742028
-13.25376013074624 29.408595271640177
-11.955244649316816 31.180971720165683
-11.916203560351843 31.79853990997342
-13.058258870700987 32.12459399279958
-15.740581462848597 30.959844670726337
-19.04621695729945 29.468854838521786
-21.84478028812162 27.848358550873087
-22.54803189298843 26.9582425807982
-21.475499215331766 26.180717315105447
-20.433641239902794 25.444414455203013
-19.917434111481143 24.734062023436536
-18.867972948496586 22.84194357972323
-17.636118331868502 21.724603632146877
-17.107315454364898 20.46947200535373
-16.632485929245284 19.640074124231546
-15.881725742384655 18.184346200858897
-15.56858378438343 17.3736497816424
-14.989761254335342 16.21259034457848
-13.73910752352074 14.642370542981844
-12.113749601588559 13.114065790234616
-10.101524353709582 11.44209684341017
-8.938692116399427 9.242766405773507
-7.51966654175066 7.176116454452923
-6.634503234812031 5.561187635478037
-6.543630146973753 3.412224958335332
-6.397264868388689 1.3035676276234829
-7.036465344638109 -0.9886150424290998
-7.935219807435976 -2.2445587606748276
-8.238835734637878 -3.221562570487936
-7.461912344323198 -3.6454367936942904
-6.8819587387664845 -4.194019237397284
-5.627167027045509 -4.254767306718242
-4.34610746294201 -4.145275982088149
-3.651241921210025 -3.3709445242596767
-3.139836965501458 -3.4109959497290863
-2.045811974021114 -3.2984792156816716
-1.243086535525728 -3.39489653530378
0.19215593441583478 -3.68005280200532
1.3930259502215268 -4.24121970422304
1.6476416885338736 -5.886978278399008
1.8019676343818483 -6.882280580824031
2.059007097378968 -6.721396779766357
2.2262111857989297 -7.380472900125756
2.31764509842514 -7.116316567676358
2.537320699366784 -6.6886231408102175
2.7555334742720623 -6.640614415891558
2.724467398694921 -5.810185876133894
2.899279423419863 -3.9215063159826737
3.0986099991128895 -3.794316461077251
3.197361505686761 -3.093284458109194
3.19457148619197 -2.3155526200235146
3.2024977817349938 -1.3075830683738625
2.915809552892939 -0.4809843771828797
2.981498360344507 -0.05617651961276615
2.806389288458185 0.43341274051760403
2.5413196300511287 1.2286914645465516
2.28044699409219 2.291712743505603
2.1839099288197525 3.3702457892446676
2.0534073079310775 3.929097484339839
1.8905991200417749 4.317166690958056
1.6006234597561289 5.093689980186431
1.46189190098832 5.658622738176348
1.4449510343034195 6.536779247561001
1.810076366490797 7.051686130326887
1.6895717630990863 7.632756663783454
1.3036262044055418 8.15301799109996
1.2222151194030204 8.540780430479844
1.3934985184880002 9.20810706932446
1.536393347733432 9.097103789096199
1.3702521182640353 9.557273143086878
1.2996386448486361 9.577207624620574
1.1863519635101136 9.307000440292557
1.297993997890511 9.306217716045946
1.6567973926336064 8.828404042034443
1.6554299214974617 8.52559464168233
1.8549659286429359 8.057164142059515
1.7486990290138866 7.607579433634483
1.4753208821196324 6.920543904478052
