-0.5018191091188589 -1.207368090271716
74.62018674444131 -0.8932151368325979
75.2206163612683 -1.8338073808101898
69.5986977914114 -16.218652385871202
65.18875716055395 -26.393681058605384
60.62088628787056 -36.171810939326036
55.412924285289904 -45.14907508730883
49.92524532201867 -53.804420901429054
43.878205672524786 -60.924573490866074
37.95882344044351 -65.12252609394731
32.37988324447369 -67.36237716603021
26.907176047146724 -69.2587006809425
20.18887914070505 -69.52947079786216
13.376652704019223 -69.13935337822349
6.477489433341262 -66.73209440937384
-0.07054190411770139 -63.630601795272476
-7.106673505803131 -60.12828885190296
-14.618680628517675 -55.50560717294689
-21.03394258956853 -50.228700870583964
-27.986695089100305 -43.53583859602036
-35.316708001434314 -35.75301885865664
-38.377447317018046 -29.889568201001747
-41.46155276746188 -23.2795683950365
-43.681750901656414 -17.409965444704742
-46.39304288372579 -13.39449517399705
-49.74280142360576 -10.447891789552045
-52.883438424552466 -9.41576391923604
-57.10530940992869 -10.741159544012728
-58.89085071883483 -10.666350188227398
-59.995186591905956 -11.720774993564781
-60.91331398676838 -13.81477701689301
-61.92555165787119 -15.076380768309276
-61.85693747189307 -15.764479122794768
-61.17688499167524 -16.89108112057891
-56.66922656459837 -15.47353972604137
-52.337434419025804 -14.997195645378323
-47.909514336509105 -12.392685831325661
-42.32207616503721 -7.8696152217524045
-35.87907968709828 -3.0678711987383216
-29.313160719633828 2.1152872706160766
-23.697351309637728 7.2209211079253155
-19.234562629765303 9.678831026648462
-15.034732645929267 11.336330680504824
-9.351201955962932 12.812796090003605
-2.4685232061619207 13.65086215664361
5.238409671184604 14.170418584368688
10.952331389812159 13.564499953876405
15.755961840296692 12.029944391202944
21.908019403728904 8.751619686802774
26.141711734373278 6.304776872591487
29.96683189417721 4.213371671601478
34.848158574789544 1.5712254705379214
38.51625776454377 0.7609073347720643
42.038661428156836 0.9398354514710159
46.43814784983685 1.8340902674922686
49.80284661816068 3.4754879264604948
54.523158049268034 7.191462294829594
57.65022159259898 6.012837462787744
60.06505551836061 6.112996321935043
63.054973719343835 6.539492536549485
64.64819331894188 6.603426077146453
67.92742831789849 5.622496188290972
69.29404604885484 5.10517538648478
70.23984373208712 2.95576179830175
72.2058932606003 1.6937537992465599
74.57957861929285 0.2620897909390179
75.3306357849256 -1.2796884351662667
77.06612276724185 -3.265004465627416
74.52972111584272 -12.360202547732698
70.10797441758933 -24.407166335570963
65.36300212749289 -35.931051367948214
58.970999481183895 -45.323081882914174
52.97919204316325 -53.54536422375203
47.23391233612698 -60.28729808060094
41.70989900875728 -64.83407744633529
35.84932338627054 -66.6206658886837
29.30117782438256 -67.79000112469487
24.81196642102242 -68.34120755694865
18.455554592952414 -69.13614131208821
13.56004265342234 -68.54376561225509
7.751940047420891 -67.14255253859659
1.4578898909796478 -64.04481113391577
-4.210429618744622 -60.632380766041535
-9.491153167554018 -55.76425168075117
-15.903632104826244 -51.24989792886804
-21.244601838548228 -46.28859040068697
-26.09853330744225 -39.585677469312465
-30.66114897182713 -32.22557478138502
-35.204890703098535 -25.31528160385932
-40.743513963258025 -18.51634405604588
-47.46881506841037 -12.293439868192907
-53.53445991514991 -10.050787403930372
-57.679430677902566 -10.373578019133145
-59.613856006301745 -10.863637585016907
-60.99546604496756 -11.150759431943467
-62.08498208881185 -12.467801717084432
-62.643269512622474 -13.862105319183454
-63.70642739098268 -15.930729699456775
-64.11010029133925 -17.490740459347478
-63.510698776801334 -19.710383417963786
-56.47662113523501 -16.998248224320307
-51.04173691834088 -14.66016430732531
-44.610551505015415 -10.636393196103377
-37.63274351725083 -5.254204439846286
-31.445574134147208 -0.48316697308381973
-25.502798749154966 3.5586448313951986
-20.427544403864133 5.4254400572225885
-16.202676407119046 6.908242211851574
-11.464907585237018 9.094322881981615
-4.8680509948731725 11.037986623660496
1.6856584053554209 11.554921552788398
8.657266617109547 10.02728936363818
15.110345079075957 7.421549876577029
19.4217274446015 5.963515552005308
24.416088300850028 4.8736192554839395
29.218563251088554 2.5657861530945003
33.152447450628635 -0.12230818476128585
36.367648154969544 -1.008839290255396
40.74875075027184 -1.5512886114762383
44.04682430510723 -0.7825846237549522
47.39794984675832 -0.12251380673831525
52.120957990538656 1.9460843276311068
56.73465373988165 6.074301425020014
60.2336953136549 5.487132603008718
62.88663932676755 5.0294777927552845
65.758525395279 4.116304132519871
68.23168756863505 3.3136713468227255
69.96059109022363 2.4176406604163057
71.27367425179152 1.042441000475324
73.24289975326951 0.29709197152200906
75.0626663727866 0.052841393075638704
75.53828148847808 -1.4642364162956383
69.06277173256676 -20.48185299810451
64.02069642791032 -32.66164013923713
59.3510633218075 -42.43742417109295
55.146260799152635 -49.823949318709964
49.59845886283419 -57.37134591091386
44.08021634278793 -64.18546525766708
38.93048495943736 -69.29199403291005
33.3371455439822 -73.21371970991949
28.1632800992481 -74.39078859793716
22.49779120324044 -74.15907556903707
17.86072607616065 -73.4603755512081
12.114977959382394 -73.1386089259091
6.042690664224991 -71.85035779851668
1.9796969490039706 -66.85294518553196
-3.8699869320908737 -63.78573958911518
-9.195695368919479 -58.47621547167221
-15.194898239785086 -52.01493246203874
-20.20375941151617 -46.080033721532224
-26.421726317474814 -38.63546090284889
-32.11636566005591 -29.513038398678376
-37.32467357324203 -21.18005359955497
-41.836516353958736 -12.888151981737952
-44.82117176587376 -8.532457363948948
-48.36545695861149 -7.065127639411898
-52.64989629326405 -8.79431200758814
-57.645656086713124 -10.855239612266972
-59.6936985863735 -11.433063560105444
