-0.2847061147147948 -0.22833559910901455
-2.7695757940726544 -51.97085863410341
8.101061322439973 -56.33412236789343
19.414086010535243 -58.59747216637511
27.938724833728266 -59.002170006243084
35.74495133233327 -56.55845712660542
41.57967495732742 -50.855867385722156
46.45408699877968 -43.700739690984584
49.69988220737807 -35.32063184527239
51.90719294637175 -26.18057071977916
53.531178011106164 -15.176344096860996
55.038416145295734 -4.125671754563351
56.7105090574352 8.366464924981592
59.42402578769638 22.134474404512567
55.321376817467545 32.67344719699099
44.91156890551565 39.42966485849664
35.14634183548945 44.82802115545873
25.26189349458111 46.56473878878988
13.055834082598087 45.425568477301645
0.10413594154201711 42.615618315048586
-12.838450243005514 37.158150277210304
-26.499985386757523 29.194797810574755
-38.672502827633465 19.959112847377778
-50.051143471219156 10.022735233444697
-62.90768310217903 1.1342859391395796
-74.07050598616647 -5.94592354850374
-84.16725834964538 -11.40722317831242
-93.38155278601226 -14.686552056496936
-99.85639981467327 -15.992421075882067
-106.282291883892 -14.541907622444615
-110.25315632003327 -12.494703356798881
-112.29041467978465 -10.41817285587009
-112.94010467143433 -7.237891535279397
-113.21299791165517 -2.53909458854468
-113.99662988862852 5.733211879339112
-110.89556623945097 9.684051878679501
-103.40993632309892 9.624380390217992
-90.10866416999707 1.8683180769173937
-79.40616386358406 -2.685181361238751
-67.99574760127143 -8.684109741084251
-57.24193189788711 -14.478840655349195
-45.303429860258426 -21.010476557287998
-33.995348067191955 -28.08509921003659
-25.1414149928633 -35.58543357310873
-17.19745495375268 -42.59450861686734
-7.857379690704699 -47.72610947811606
3.547118873315636 -50.776726334137095
12.030964139101378 -52.08951572488644
18.82918035426553 -50.71553081980063
24.668204533627698 -46.5760993460108
30.67264532593161 -40.632609182165126
35.32024787233708 -32.753343163158114
38.39725936357158 -24.50432425292708
39.98834746589217 -15.198921453810025
41.475050733767524 -5.022633401438742
42.65121581047064 6.079809636268274
43.37229137761875 18.069117482930796
44.59456470631169 30.191506037509917
44.025564279519635 42.08736206738785
38.145176841670924 50.2248364923954
28.416921217614544 55.2932891997783
17.753265312706535 57.34099248796362
6.755197676912189 56.16739750427678
-5.979949474133424 54.095667184028926
-19.50109022027947 50.66010577159425
-31.421313243529735 44.76750402158151
-42.45585074421061 36.16152617153189
-53.85811192993576 27.05898176886157
-64.79317520835218 18.523919845849743
-79.88003655829621 8.56185459735506
-88.90489269544551 1.5462131341278278
-97.11781950193813 -4.829773704986483
-103.34733992619948 -8.615117964759373
-110.18827498647103 -11.603655518890632
-114.48511442553114 -11.150446009692217
